0 0.33230904302019315 0.764486391571554 0.01141352063213345 0.008340649692712906
0 0.18327480245829675 0.9411764705882353 0.01009657594381036 0.014047410008779631
0 0.4413959613696225 0.29850746268656714 0.01009657594381036 0.007023705004389816
0 0.38849868305531166 0.24604916593503073 0.00877963125548727 0.008340649692712906
0 0.40935030728709393 0.27897278314310797 0.011852502194907815 0.01009657594381036
0 0.7203687445127305 0.58099209833187 0.010535557506584723 0.010974539069359086
0 0.817603160667252 0.632791922739245 0.010974539069359086 0.011852502194907815
0 0.36852502194907816 0.1828358208955224 0.009218612818261633 0.008340649692712906
0 0.8408691834942933 0.6567164179104478 0.007462686567164179 0.00877963125548727
0 0.29499561018437226 0.10952589991220368 0.01141352063213345 0.008340649692712906
0 0.7043459174714662 0.43656716417910446 0.02151009657594381 0.014486391571553995
0 0.7535118525021949 0.5287532923617209 0.010974539069359086 0.008340649692712906
0 0.4747585601404741 0.30816505706760317 0.009218612818261633 0.00877963125548727
0 0.49078138718173836 0.3386742756804214 0.009657594381035996 0.008340649692712906
0 0.9168129938542581 0.8116769095697981 0.007462686567164179 0.010535557506584723
0 0.20171202809482003 0.024363476733977173 0.01009657594381036 0.008340649692712906
0 0.2574626865671642 0.07550482879719052 0.010974539069359086 0.00877963125548727
0 0.4198858647936787 0.23156277436347675 0.009218612818261633 0.009218612818261633
0 0.21597892888498682 0.04741000877963126 0.00877963125548727 0.00877963125548727
0 0.23836698858647937 0.07133450395083407 0.00877963125548727 0.009218612818261633
0 0.2750219490781387 0.10711150131694469 0.01009657594381036 0.007023705004389816
0 0.5500438981562774 0.6505706760316067 0.014047410008779631 0.010535557506584723
0 0.28906935908691833 0.12357330992098332 0.008340649692712906 0.01009657594381036
0 0.38147497805092184 0.2223441615452151 0.007901668129938543 0.009218612818261633
0 0.3057506584723442 0.1297190517998244 0.009218612818261633 0.009218612818261633
0 0.6492537313432836 0.480684811237928 0.013169446883230905 0.009657594381035996
0 0.32023705004389813 0.15430201931518875 0.009218612818261633 0.008340649692712906
0 0.6782265144863916 0.5164618086040387 0.00877963125548727 0.008340649692712906
0 0.3566725197541703 0.18437225636523266 0.009218612818261633 0.009657594381035996
0 0.4036435469710272 0.24495171202809482 0.010974539069359086 0.009657594381035996
0 0.4192273924495171 0.24868305531167692 0.009657594381035996 0.008340649692712906
0 0.4306409130816506 0.27348551360842843 0.010535557506584723 0.007901668129938543
0 0.46685689201053554 0.31014047410008777 0.009218612818261633 0.010974539069359086
0 0.5004389815627743 0.3382352941176471 0.010535557506584723 0.009218612818261633
0 0.5212906057945567 0.3579894644424934 0.01009657594381036 0.008340649692712906
0 0.5298507462686567 0.3748902546093064 0.007901668129938543 0.00877963125548727
0 0.6009657594381036 0.4350307287093942 0.007901668129938543 0.00877963125548727
0 0.5770412642669008 0.42230026338893767 0.009218612818261633 0.00877963125548727
0 0.6856892010535558 0.5158033362598771 0.009657594381035996 0.01141352063213345
0 0.7175153643546971 0.5449956101843723 0.009218612818261633 0.008340649692712906
0 0.6033801580333626 0.44929762949956104 0.009218612818261633 0.009218612818261633
0 0.7438542581211589 0.5711150131694469 0.01009657594381036 0.007901668129938543
0 0.18173836698858647 0.029850746268656716 0.014047410008779631 0.009657594381035996
0 0.7280509218612818 0.5632133450395084 0.007462686567164179 0.00877963125548727
0 0.7636084284460053 0.589332748024583 0.009218612818261633 0.009218612818261633
0 0.7947761194029851 0.6222563652326603 0.009218612818261633 0.009218612818261633
0 0.7410008779631255 0.463784021071115 0.012291483757682178 0.009218612818261633
0 0.7772168568920106 0.47761194029850745 0.010974539069359086 0.007901668129938543
0 0.8279192273924495 0.4703687445127305 0.010535557506584723 0.006584723441615452
0 0.5410447761194029 0.6865671641791045 0.010974539069359086 0.009657594381035996
0 0.5513608428446005 0.6971027216856892 0.010535557506584723 0.007901668129938543
0 0.559262510974539 0.7025899912203687 0.009657594381035996 0.009218612818261633
0 0.5671641791044776 0.713784021071115 0.009657594381035996 0.00877963125548727
0 0.6305970149253731 0.7745829675153644 0.01009657594381036 0.008340649692712906
0 0.5671641791044776 0.875548726953468 0.006145741878841089 0.008340649692712906
0 0.16549604916593502 0.983099209833187 0.009657594381035996 0.010974539069359086
0 0.41900790166812996 0.8970588235294118 0.010974539069359086 0.005706760316066725
0 0.4339332748024583 0.7129060579455663 0.015364354697102721 0.00877963125548727
0 0.08274802458296751 0.8698419666374012 0.012730465320456541 0.009218612818261633
0 0.48485513608428443 0.6786654960491659 0.011852502194907815 0.009657594381035996
0 0.6654960491659351 0.582089552238806 0.014925373134328358 0.009657594381035996
0 0.41878841088674273 0.8516242317822651 0.007901668129938543 0.00877963125548727
0 0.4064969271290606 0.9209833187006146 0.01141352063213345 0.006145741878841089
0 0.39925373134328357 0.8601843722563652 0.011852502194907815 0.008340649692712906
0 0.41022827041264265 0.8211150131694469 0.010974539069359086 0.006584723441615452
0 0.34657594381035994 0.8088235294117647 0.010974539069359086 0.010974539069359086
0 0.39508340649692714 0.869622475856014 0.01141352063213345 0.007023705004389816
0 0.520632133450395 0.8928884986830553 0.007901668129938543 0.00877963125548727
0 0.5823090430201932 0.9207638279192274 0.005706760316066725 0.009218612818261633
0 0.27897278314310797 0.8643546971027217 0.010974539069359086 0.0052677787532923615
0 0.37906057945566285 0.8999122036874452 0.010974539069359086 0.006145741878841089
0 0.283801580333626 0.8566725197541704 0.01009657594381036 0.006584723441615452
0 0.38520632133450394 0.888937664618086 0.011852502194907815 0.007023705004389816
0 0.26865671641791045 0.9521510096575944 0.006145741878841089 0.010535557506584723
0 0.34416154521510095 0.9205443371378402 0.00877963125548727 0.0052677787532923615
0 0.4585162423178227 0.9172519754170325 0.007462686567164179 0.009218612818261633
0 0.34460052677787534 0.9163740122914837 0.00877963125548727 0.006584723441615452
0 0.3724758560140474 0.8079455662862159 0.010974539069359086 0.010974539069359086
0 0.5002194907813872 0.8472344161545216 0.006584723441615452 0.009657594381035996
0 0.37335381913959614 0.8158472344161545 0.011852502194907815 0.007462686567164179
0 0.5871378402107111 0.9225197541703248 0.008340649692712906 0.009218612818261633
0 0.5559701492537313 0.8799385425812116 0.007462686567164179 0.01009657594381036
0 0.31782265144863914 0.6527655838454784 0.00877963125548727 0.00877963125548727
0 0.3858647936786655 0.8812554872695347 0.015803336259877086 0.009218612818261633
0 0.2627304653204565 0.9519315188762072 0.006584723441615452 0.010974539069359086
0 0.37203687445127304 0.8290166812993854 0.010974539069359086 0.006584723441615452
0 0.7045654082528534 0.8579894644424935 0.007901668129938543 0.01009657594381036
0 0.7563652326602283 0.29280070237050043 0.013169446883230905 0.007023705004389816
0 0.4216417910447761 0.8933274802458296 0.011852502194907815 0.007023705004389816
0 0.6703248463564531 0.8136523266022827 0.00877963125548727 0.008340649692712906
0 0.7493415276558385 0.31189640035118527 0.012291483757682178 0.006584723441615452
0 0.3283582089552239 0.792361720807726 0.013169446883230905 0.009657594381035996
0 0.3775241439859526 0.9038630377524144 0.012291483757682178 0.007023705004389816
0 0.41022827041264265 0.8173836698858647 0.010974539069359086 0.007023705004389816
0 0.5654082528533801 0.9484196663740123 0.006145741878841089 0.008340649692712906
0 0.3149692712906058 0.79828797190518 0.01009657594381036 0.008340649692712906
0 0.351404741000878 0.805531167690957 0.010974539069359086 0.00877963125548727
0 0.5665057067603161 0.9170324846356454 0.006584723441615452 0.009657594381035996
0 0.40539947322212466 0.925153643546971 0.011852502194907815 0.005706760316066725
0 0.5627743634767339 0.7467076382791923 0.01141352063213345 0.007901668129938543
