0 0.19995610184372256 0.8948639157155399 0.01009657594381036 0.010974539069359086
0 0.240342405618964 0.8397717295873574 0.008340649692712906 0.009657594381035996
0 0.16615452151009658 0.01997366110623354 0.011852502194907815 0.01009657594381036
0 0.4532484635645303 0.3140913081650571 0.009218612818261633 0.008340649692712906
0 0.7721685689201053 0.8035557506584723 0.014047410008779631 0.008340649692712906
0 0.8443810359964882 0.847892888498683 0.013608428446005268 0.010974539069359086
0 0.904521510096576 0.8222124670763828 0.007462686567164179 0.00877963125548727
0 0.8860842844600527 0.9571992976294995 0.006584723441615452 0.010974539069359086
0 0.9231782265144864 0.9552238805970149 0.007023705004389816 0.013169446883230905
0 0.6613257243195786 0.4023266022827041 0.009218612818261633 0.008340649692712906
0 0.9201053555750659 0.9971466198419666 0.007901668129938543 0.010974539069359086
0 0.586918349429324 0.3509657594381036 0.01141352063213345 0.008340649692712906
0 0.9163740122914837 0.41659350307287096 0.020632133450395083 0.016681299385425813
0 0.21927129060579456 0.03687445127304653 0.01624231782265145 0.016681299385425813
0 0.7807287093942055 0.6009657594381036 0.009218612818261633 0.00877963125548727
0 0.8154082528533801 0.642449517120281 0.009218612818261633 0.009218612818261633
0 0.1887620719929763 0.0052677787532923615 0.012291483757682178 0.01141352063213345
0 0.20368744512730466 0.033143107989464446 0.009657594381035996 0.009218612818261633
0 0.2730465320456541 0.09306409130816505 0.010535557506584723 0.007901668129938543
0 0.28094820017559263 0.11215978928884987 0.00877963125548727 0.010974539069359086
0 0.3009218612818262 0.13059701492537312 0.01009657594381036 0.007462686567164179
0 0.33516242317822653 0.15188762071992976 0.008340649692712906 0.007901668129938543
0 0.31913959613696224 0.1551799824407375 0.00877963125548727 0.008340649692712906
0 0.3726953467954346 0.18568920105355574 0.009657594381035996 0.007901668129938543
0 0.4062774363476734 0.21839332748024584 0.009218612818261633 0.01009657594381036
0 0.4462247585601405 0.254828797190518 0.01009657594381036 0.008340649692712906
0 0.5377524143985952 0.3169446883230904 0.009657594381035996 0.007023705004389816
0 0.7078577699736611 0.4374451273046532 0.009218612818261633 0.009218612818261633
0 0.38652326602282705 0.21971027216856892 0.007462686567164179 0.009218612818261633
0 0.5158033362598771 0.3617208077260755 0.00877963125548727 0.00877963125548727
0 0.543459174714662 0.38784021071115016 0.00877963125548727 0.009218612818261633
0 0.5733099209833187 0.41659350307287096 0.009657594381035996 0.007023705004389816
0 0.9170324846356454 0.4280070237050044 0.014047410008779631 0.010535557506584723
0 0.5902107111501317 0.43283582089552236 0.008340649692712906 0.007023705004389816
0 0.6755926251097454 0.5125109745390694 0.007901668129938543 0.007462686567164179
0 0.5967954345917471 0.4306409130816506 0.009218612818261633 0.007901668129938543
0 0.9102282704126426 0.7625109745390694 0.008340649692712906 0.010535557506584723
0 0.6323529411764706 0.46575943810359965 0.01009657594381036 0.007901668129938543
0 0.9233977172958736 0.8485513608428445 0.007462686567164179 0.010535557506584723
0 0.6867866549604916 0.5131694468832309 0.009218612818261633 0.007901668129938543
0 0.7047848990342406 0.5384108867427568 0.010974539069359086 0.008340649692712906
0 0.7361720807726075 0.5581650570676031 0.009657594381035996 0.008340649692712906
0 0.7410008779631255 0.5711150131694469 0.010535557506584723 0.007901668129938543
0 0.7800702370500439 0.6093064091308165 0.010535557506584723 0.007023705004389816
0 0.8105794556628622 0.6275241439859526 0.008340649692712906 0.009218612818261633
0 0.8287971905179983 0.6468393327480246 0.00877963125548727 0.009218612818261633
0 0.8467954345917471 0.6733977172958736 0.007901668129938543 0.010535557506584723
0 0.8854258121158911 0.7133450395083406 0.007023705004389816 0.00877963125548727
0 0.8724758560140474 0.7085162423178226 0.009218612818261633 0.00877963125548727
0 0.9247146619841967 0.8072870939420544 0.007462686567164179 0.009657594381035996
0 0.9284460052677788 0.8318700614574188 0.006145741878841089 0.010535557506584723
0 0.8909130816505707 0.7399034240561896 0.009218612818261633 0.009218612818261633
0 0.9312993854258121 0.8584284460052678 0.006584723441615452 0.009218612818261633
0 0.9207638279192274 0.8985952589991221 0.007462686567164179 0.00877963125548727
0 0.9297629499561019 0.8834503950834065 0.007023705004389816 0.01009657594381036
0 0.9530289727831431 0.39552238805970147 0.012291483757682178 0.010535557506584723
0 0.5392888498683055 0.6861281826163301 0.010974539069359086 0.009657594381035996
0 0.5491659350307287 0.6966637401229149 0.010535557506584723 0.007901668129938543
0 0.5579455662862159 0.7025899912203687 0.009657594381035996 0.009218612818261633
0 0.5662862159789289 0.7120280948200176 0.007901668129938543 0.007901668129938543
0 0.4578577699736611 0.7157594381035997 0.010535557506584723 0.007462686567164179
0 0.5649692712906058 0.8748902546093064 0.007023705004389816 0.009657594381035996
0 0.41812993854258124 0.8966198419666374 0.010974539069359086 0.005706760316066725
0 0.7565847234416154 0.5258999122036875 0.015364354697102721 0.010535557506584723
0 0.8004828797190519 0.4938542581211589 0.011852502194907815 0.009657594381035996
0 0.9920983318700615 0.3810359964881475 0.014925373134328358 0.009657594381035996
0 0.3568920105355575 0.9100087796312555 0.007901668129938543 0.00877963125548727
0 0.4051799824407375 0.9205443371378402 0.01141352063213345 0.006145741878841089
0 0.3979367866549605 0.8597453906935909 0.011852502194907815 0.008340649692712906
0 0.4089113257243196 0.8211150131694469 0.010974539069359086 0.006584723441615452
0 0.3435030728709394 0.8088235294117647 0.010974539069359086 0.010974539069359086
0 0.3942054433713784 0.8687445127304653 0.01141352063213345 0.007023705004389816
0 0.5199736611062336 0.8926690079016681 0.009218612818261633 0.011852502194907815
0 0.5812115891132572 0.9203248463564531 0.00877963125548727 0.009218612818261633
0 0.27941176470588236 0.8643546971027217 0.010974539069359086 0.0052677787532923615
0 0.37906057945566285 0.8990342405618964 0.010974539069359086 0.006145741878841089
0 0.2833625987708516 0.8566725197541704 0.01009657594381036 0.006584723441615452
0 0.3843283582089552 0.8880597014925373 0.011852502194907815 0.007023705004389816
0 0.266900790166813 0.9512730465320457 0.006145741878841089 0.010535557506584723
0 0.3424056189640035 0.9192273924495171 0.00877963125548727 0.0052677787532923615
0 0.4576382791922739 0.9174714661984197 0.008340649692712906 0.009657594381035996
0 0.3437225636523266 0.9159350307287094 0.00877963125548727 0.006584723441615452
0 0.3702809482001756 0.8083845478489904 0.010974539069359086 0.010974539069359086
0 0.4986830553116769 0.8474539069359087 0.007023705004389816 0.010974539069359086
0 0.3715978928884987 0.8154082528533801 0.011852502194907815 0.007462686567164179
0 0.5847234416154522 0.9225197541703248 0.010535557506584723 0.008340649692712906
0 0.5528972783143108 0.8794995610184372 0.007462686567164179 0.01009657594381036
0 0.3165057067603161 0.6518876207199298 0.00877963125548727 0.00877963125548727
0 0.3858647936786655 0.8812554872695347 0.015803336259877086 0.009218612818261633
0 0.26141352063213347 0.9514925373134329 0.006584723441615452 0.010974539069359086
0 0.3711589113257243 0.8294556628621598 0.010974539069359086 0.006584723441615452
0 0.7036874451273046 0.8579894644424935 0.007901668129938543 0.01009657594381036
0 0.7546093064091308 0.2914837576821773 0.013169446883230905 0.007023705004389816
0 0.420324846356453 0.8928884986830553 0.011852502194907815 0.007023705004389816
0 0.6694468832309043 0.814091308165057 0.00877963125548727 0.008340649692712906
0 0.7480245829675154 0.3114574187884109 0.012291483757682178 0.006584723441615452
0 0.3270412642669008 0.792361720807726 0.012291483757682178 0.009657594381035996
0 0.3762071992976295 0.9034240561896401 0.012291483757682178 0.007023705004389816
0 0.4089113257243196 0.8173836698858647 0.010974539069359086 0.007023705004389816
0 0.5638718173836699 0.9477611940298507 0.008340649692712906 0.009657594381035996
0 0.3140913081650571 0.7989464442493416 0.01009657594381036 0.007023705004389816
0 0.3509657594381036 0.8046532045654082 0.010974539069359086 0.00877963125548727
0 0.565188762071993 0.9170324846356454 0.007462686567164179 0.009657594381035996
0 0.3061896400351185 0.13015803336259876 0.01009657594381036 0.008340649692712906
0 0.40452151009657594 0.9247146619841967 0.011852502194907815 0.005706760316066725
0 0.5610184372256365 0.746268656716418 0.01141352063213345 0.007901668129938543
