0 0.1933713784021071 0.9071553994732221 0.01009657594381036 0.010974539069359086
0 0.2429762949956102 0.8314310798946444 0.008340649692712906 0.009657594381035996
0 0.1837137840210711 0.03709394205443371 0.011852502194907815 0.01009657594381036
0 0.47431957857769974 0.33691834942932397 0.009218612818261633 0.008340649692712906
0 0.7998244073748902 0.8136523266022827 0.014047410008779631 0.008340649692712906
0 0.8588674275680421 0.865891132572432 0.011852502194907815 0.011852502194907815
0 0.909350307287094 0.8520632133450395 0.007462686567164179 0.00877963125548727
0 0.8860842844600527 0.9822212467076383 0.006584723441615452 0.009218612818261633
0 0.9264705882352942 0.9295434591747147 0.007462686567164179 0.011852502194907815
0 0.6420105355575065 0.3882791922739245 0.009218612818261633 0.008340649692712906
0 0.9225197541703248 0.9727831431079894 0.007462686567164179 0.00877963125548727
0 0.5614574187884109 0.33472344161545214 0.01141352063213345 0.008340649692712906
0 0.896180860403863 0.4288849868305531 0.020632133450395083 0.016681299385425813
0 0.19863915715539948 0.013608428446005268 0.01624231782265145 0.016681299385425813
0 0.7583406496927129 0.5812115891132572 0.009218612818261633 0.00877963125548727
0 0.7941176470588235 0.6226953467954346 0.009657594381035996 0.008340649692712906
0 0.18173836698858647 0.010316066725197541 0.009657594381035996 0.009218612818261633
0 0.2532923617208077 0.07243195785776997 0.010535557506584723 0.007901668129938543
0 0.2603160667251975 0.09064969271290606 0.00877963125548727 0.010974539069359086
0 0.2811676909569798 0.10820895522388059 0.01009657594381036 0.007462686567164179
0 0.31628621597892886 0.13476733977172958 0.008340649692712906 0.007901668129938543
0 0.2971905179982441 0.13191395961369623 0.00877963125548727 0.008340649692712906
0 0.35645302897278314 0.16769095697980685 0.009657594381035996 0.007901668129938543
0 0.38652326602282705 0.19907813871817384 0.009218612818261633 0.01009657594381036
0 0.4264705882352941 0.23858647936786656 0.01009657594381036 0.008340649692712906
0 0.5175592625109745 0.30245829675153646 0.009657594381035996 0.007023705004389816
0 0.6933713784021072 0.42471466198419666 0.009218612818261633 0.009218612818261633
0 0.3636962247585601 0.1960052677787533 0.007462686567164179 0.009218612818261633
0 0.49209833187006147 0.33977172958735735 0.00877963125548727 0.00877963125548727
0 0.5197541703248464 0.3650131694468832 0.00877963125548727 0.009218612818261633
0 0.5491659350307287 0.39376646180860403 0.009657594381035996 0.007023705004389816
0 0.8898156277436348 0.4446883230904302 0.014047410008779631 0.010535557506584723
0 0.5665057067603161 0.4113257243195786 0.008340649692712906 0.007023705004389816
0 0.6540825285338016 0.492756804214223 0.007901668129938543 0.009218612818261633
0 0.5730904302019315 0.40781387181738366 0.009218612818261633 0.007901668129938543
0 0.9014486391571555 0.7392449517120281 0.008340649692712906 0.010535557506584723
0 0.6088674275680421 0.44315188762071994 0.01141352063213345 0.008340649692712906
0 0.9203248463564531 0.8222124670763828 0.007462686567164179 0.010535557506584723
0 0.6635206321334504 0.4925373134328358 0.009218612818261633 0.009657594381035996
0 0.6806409130816505 0.5166812993854258 0.010974539069359086 0.009657594381035996
0 0.7146619841966637 0.5388498683055312 0.009657594381035996 0.008340649692712906
0 0.7181738366988587 0.5504828797190519 0.010535557506584723 0.007901668129938543
0 0.7568042142230026 0.5908691834942933 0.010535557506584723 0.007023705004389816
0 0.788630377524144 0.6082089552238806 0.008340649692712906 0.009218612818261633
0 0.8079455662862159 0.6266461808604039 0.01009657594381036 0.008340649692712906
0 0.8266022827041264 0.6536435469710272 0.007901668129938543 0.00877963125548727
0 0.8705004389815628 0.6913959613696224 0.007023705004389816 0.00877963125548727
0 0.8553555750658473 0.684811237928007 0.009218612818261633 0.00877963125548727
0 0.91900790166813 0.7835820895522388 0.007462686567164179 0.009657594381035996
0 0.926251097453907 0.8094820017559262 0.006145741878841089 0.010535557506584723
0 0.8777436347673397 0.7157594381035997 0.009218612818261633 0.009218612818261633
0 0.9295434591747147 0.8342844600526778 0.006584723441615452 0.009218612818261633
0 0.9225197541703248 0.8718173836698858 0.007462686567164179 0.00877963125548727
0 0.9302019315188762 0.8593064091308165 0.007023705004389816 0.01009657594381036
0 0.932396839332748 0.40781387181738366 0.012291483757682178 0.010535557506584723
0 0.9866110623353819 0.3748902546093064 0.010974539069359086 0.009657594381035996
0 0.5397278314310799 0.6861281826163301 0.010974539069359086 0.009657594381035996
0 0.5496049165935031 0.6962247585601404 0.010535557506584723 0.007901668129938543
0 0.5588235294117647 0.7030289727831431 0.009657594381035996 0.009218612818261633
0 0.5667251975417033 0.7124670763827919 0.007901668129938543 0.007901668129938543
0 0.47278314310798947 0.7096136962247586 0.010535557506584723 0.007462686567164179
0 0.5658472344161545 0.8757682177348551 0.007023705004389816 0.009657594381035996
0 0.41856892010535557 0.8974978050921861 0.010974539069359086 0.005706760316066725
0 0.735513608428446 0.5390693590869183 0.015364354697102721 0.010535557506584723
0 0.7772168568920106 0.5070237050043899 0.011852502194907815 0.009657594381035996
0 0.9697102721685689 0.39508340649692714 0.014925373134328358 0.009657594381035996
0 0.35864793678665496 0.9056189640035118 0.007901668129938543 0.00877963125548727
0 0.40561896400351183 0.9214223002633889 0.01141352063213345 0.006145741878841089
0 0.3979367866549605 0.8606233538191396 0.011852502194907815 0.008340649692712906
0 0.4089113257243196 0.8219929762949956 0.010974539069359086 0.006584723441615452
0 0.3439420544337138 0.809262510974539 0.010974539069359086 0.010974539069359086
0 0.3942054433713784 0.869622475856014 0.01141352063213345 0.007023705004389816
0 0.5199736611062336 0.8935469710272168 0.009218612818261633 0.011852502194907815
0 0.5816505706760317 0.9212028094820017 0.00877963125548727 0.009218612818261633
0 0.27941176470588236 0.8652326602282704 0.010974539069359086 0.0052677787532923615
0 0.37949956101843724 0.8999122036874452 0.010974539069359086 0.006145741878841089
0 0.2833625987708516 0.857550482879719 0.01009657594381036 0.006584723441615452
0 0.3843283582089552 0.888937664618086 0.011852502194907815 0.007023705004389816
0 0.26733977172958734 0.9521510096575944 0.006145741878841089 0.010535557506584723
0 0.3424056189640035 0.9205443371378402 0.00877963125548727 0.0052677787532923615
0 0.4585162423178227 0.9183494293239683 0.008340649692712906 0.009657594381035996
0 0.34416154521510095 0.9168129938542581 0.00877963125548727 0.006584723441615452
0 0.37071992976294993 0.8088235294117647 0.010974539069359086 0.010974539069359086
0 0.4991220368744513 0.847892888498683 0.007023705004389816 0.010974539069359086
0 0.37203687445127304 0.8158472344161545 0.011852502194907815 0.007462686567164179
0 0.5851624231782265 0.9238366988586479 0.010535557506584723 0.008340649692712906
0 0.5533362598770851 0.880377524143986 0.007462686567164179 0.01009657594381036
0 0.3165057067603161 0.6527655838454784 0.00877963125548727 0.00877963125548727
0 0.3858647936786655 0.8821334503950834 0.015803336259877086 0.009218612818261633
0 0.2618525021949078 0.9523705004389815 0.006584723441615452 0.010974539069359086
0 0.3711589113257243 0.8298946444249341 0.010974539069359086 0.006584723441615452
0 0.704126426690079 0.8584284460052678 0.007901668129938543 0.01009657594381036
0 0.7550482879719052 0.29280070237050043 0.013169446883230905 0.007023705004389816
0 0.4212028094820018 0.8933274802458296 0.011852502194907815 0.007023705004389816
0 0.6698858647936786 0.8145302897278315 0.00877963125548727 0.008340649692712906
0 0.7484635645302897 0.312774363476734 0.012291483757682178 0.006584723441615452
0 0.32748024582967517 0.7928007023705005 0.012291483757682178 0.009657594381035996
0 0.37664618086040386 0.9043020193151887 0.012291483757682178 0.007023705004389816
0 0.4089113257243196 0.8178226514486392 0.010974539069359086 0.007023705004389816
0 0.5643107989464442 0.9486391571553995 0.008340649692712906 0.009657594381035996
0 0.3140913081650571 0.7993854258121159 0.01009657594381036 0.007023705004389816
0 0.3509657594381036 0.8050921861281826 0.010974539069359086 0.00877963125548727
0 0.5656277436347673 0.917910447761194 0.007462686567164179 0.009657594381035996
0 0.2864354697102722 0.10733099209833187 0.01009657594381036 0.008340649692712906
0 0.40452151009657594 0.9255926251097454 0.011852502194907815 0.005706760316066725
0 0.5614574187884109 0.7467076382791923 0.01141352063213345 0.007901668129938543
