0 0.18503072870939422 0.9198858647936786 0.01009657594381036 0.010974539069359086
0 0.24692712906057945 0.8261633011413521 0.008340649692712906 0.009657594381035996
0 0.15803336259877085 0.009877085162423178 0.00877963125548727 0.010974539069359086
0 0.1995171202809482 0.053775241439859525 0.011852502194907815 0.01009657594381036
0 0.49363476733977174 0.3593064091308165 0.009218612818261633 0.008340649692712906
0 0.8233099209833187 0.8285776997366111 0.013608428446005268 0.010974539069359086
0 0.8694029850746269 0.8847673397717296 0.011852502194907815 0.011852502194907815
0 0.9111062335381914 0.8845478489903424 0.007462686567164179 0.00877963125548727
0 0.9286654960491659 0.9053994732221247 0.007462686567164179 0.011852502194907815
0 0.6222563652326603 0.3737928007023705 0.009218612818261633 0.008340649692712906
0 0.9247146619841967 0.946883230904302 0.007462686567164179 0.00877963125548727
0 0.5373134328358209 0.31804214223002636 0.01141352063213345 0.008340649692712906
0 0.8773046532045654 0.43942054433713784 0.020632133450395083 0.016681299385425813
0 0.735513608428446 0.5605794556628622 0.009218612818261633 0.00877963125548727
0 0.771729587357331 0.6025021949078139 0.009657594381035996 0.008340649692712906
0 0.23266022827041263 0.051360842844600525 0.010535557506584723 0.007901668129938543
0 0.2392449517120281 0.06826163301141353 0.00877963125548727 0.010974539069359086
0 0.2583406496927129 0.08713784021071115 0.01009657594381036 0.007462686567164179
0 0.29784899034240564 0.11501316944688324 0.008340649692712906 0.007901668129938543
0 0.2774363476733977 0.11040386303775242 0.00877963125548727 0.008340649692712906
0 0.33933274802458296 0.15364354697102722 0.009657594381035996 0.007901668129938543
0 0.3689640035118525 0.18064091308165056 0.009218612818261633 0.01009657594381036
0 0.4084723441615452 0.221027216856892 0.01009657594381036 0.008340649692712906
0 0.4953906935908692 0.28928884986830555 0.010974539069359086 0.00877963125548727
0 0.6771290605794557 0.4111062335381914 0.009218612818261633 0.009218612818261633
0 0.34174714661984196 0.17273924495171203 0.007462686567164179 0.009218612818261633
0 0.4701492537313433 0.31299385425812115 0.00877963125548727 0.00877963125548727
0 0.4978050921861282 0.3435030728709394 0.00877963125548727 0.009218612818261633
0 0.5274363476733978 0.3713784021071115 0.01009657594381036 0.007023705004389816
0 0.8652326602282704 0.4618086040386304 0.014047410008779631 0.010535557506584723
0 0.5436786654960492 0.3891571553994732 0.008340649692712906 0.01009657594381036
0 0.6316944688323091 0.4721246707638279 0.007901668129938543 0.009218612818261633
0 0.5480684811237928 0.3843283582089552 0.009218612818261633 0.009218612818261633
0 0.8878402107111502 0.7172958735733099 0.008340649692712906 0.010535557506584723
0 0.5836259877085163 0.4198858647936787 0.009218612818261633 0.008340649692712906
0 0.9154960491659351 0.7954345917471466 0.007462686567164179 0.010535557506584723
0 0.6367427568042142 0.4683933274802458 0.009218612818261633 0.009657594381035996
0 0.658252853380158 0.4947322212467076 0.010974539069359086 0.009657594381035996
0 0.6922739244951712 0.516900790166813 0.009657594381035996 0.008340649692712906
0 0.6940298507462687 0.5280948200175593 0.010535557506584723 0.007901668129938543
0 0.7339771729587358 0.5684811237928007 0.010535557506584723 0.007023705004389816
0 0.7664618086040387 0.5884547848990342 0.010535557506584723 0.009218612818261633
0 0.7873134328358209 0.6064530289727832 0.01009657594381036 0.008340649692712906
0 0.8050921861281826 0.6347673397717296 0.007901668129938543 0.00877963125548727
0 0.853819139596137 0.6720807726075505 0.007901668129938543 0.00877963125548727
0 0.8377963125548727 0.6650570676031606 0.009218612818261633 0.00877963125548727
0 0.910667251975417 0.7598770851624231 0.007462686567164179 0.009657594381035996
0 0.9196663740122915 0.7866549604916594 0.006145741878841089 0.010535557506584723
0 0.8619402985074627 0.6924934152765584 0.009218612818261633 0.009218612818261633
0 0.925153643546971 0.8123353819139596 0.006584723441615452 0.009218612818261633
0 0.9212028094820017 0.8432835820895522 0.007462686567164179 0.00877963125548727
0 0.9297629499561019 0.8356014047410009 0.007023705004389816 0.01009657594381036
0 0.9163740122914837 0.9743195785776997 0.008340649692712906 0.009218612818261633
0 0.9122036874451273 0.417910447761194 0.012291483757682178 0.010535557506584723
0 0.9677348551360843 0.3854258121158911 0.010974539069359086 0.009657594381035996
0 0.5392888498683055 0.6856892010535558 0.010974539069359086 0.009657594381035996
0 0.5496049165935031 0.6957857769973661 0.010535557506584723 0.007901668129938543
0 0.5583845478489904 0.7030289727831431 0.009657594381035996 0.009218612818261633
0 0.5667251975417033 0.7124670763827919 0.007901668129938543 0.007901668129938543
0 0.4828797190517998 0.7056628621597892 0.010535557506584723 0.007462686567164179
0 0.5658472344161545 0.875548726953468 0.006145741878841089 0.008340649692712906
0 0.41900790166812996 0.8974978050921861 0.010974539069359086 0.005706760316066725
0 0.7135645302897279 0.553116769095698 0.015364354697102721 0.010535557506584723
0 0.7552677787532923 0.5193151887620719 0.011852502194907815 0.009657594381035996
0 0.9482001755926251 0.40825285338015804 0.014925373134328358 0.009657594381035996
0 0.3617208077260755 0.9003511852502195 0.007901668129938543 0.00877963125548727
0 0.40561896400351183 0.9214223002633889 0.01141352063213345 0.006145741878841089
0 0.3979367866549605 0.8606233538191396 0.011852502194907815 0.008340649692712906
0 0.4089113257243196 0.8219929762949956 0.010974539069359086 0.006584723441615452
0 0.3439420544337138 0.809262510974539 0.010974539069359086 0.010974539069359086
0 0.3942054433713784 0.8700614574187884 0.01141352063213345 0.007023705004389816
0 0.5193151887620719 0.8933274802458296 0.007023705004389816 0.00877963125548727
0 0.5814310798946444 0.9212028094820017 0.005706760316066725 0.009218612818261633
0 0.27941176470588236 0.8639157155399473 0.010974539069359086 0.0052677787532923615
0 0.37906057945566285 0.9003511852502195 0.010974539069359086 0.006145741878841089
0 0.2833625987708516 0.8571115013169447 0.01009657594381036 0.006584723441615452
0 0.3843283582089552 0.888937664618086 0.011852502194907815 0.007023705004389816
0 0.26733977172958734 0.9525899912203687 0.006145741878841089 0.010535557506584723
0 0.3424056189640035 0.9205443371378402 0.00877963125548727 0.0052677787532923615
0 0.4576382791922739 0.9181299385425812 0.007462686567164179 0.009218612818261633
0 0.34416154521510095 0.9168129938542581 0.00877963125548727 0.006584723441615452
0 0.37071992976294993 0.8088235294117647 0.010974539069359086 0.010974539069359086
0 0.49934152765583845 0.8476733977172959 0.006584723441615452 0.009657594381035996
0 0.37203687445127304 0.8158472344161545 0.011852502194907815 0.007462686567164179
0 0.585820895522388 0.9233977172958736 0.008340649692712906 0.009218612818261633
0 0.5546532045654082 0.880377524143986 0.007462686567164179 0.01009657594381036
0 0.3165057067603161 0.6532045654082529 0.00877963125548727 0.00877963125548727
0 0.3858647936786655 0.8821334503950834 0.015803336259877086 0.009218612818261633
0 0.2618525021949078 0.952809482001756 0.006584723441615452 0.010974539069359086
0 0.3711589113257243 0.8298946444249341 0.010974539069359086 0.006584723441615452
0 0.7036874451273046 0.8584284460052678 0.007901668129938543 0.01009657594381036
0 0.7550482879719052 0.29280070237050043 0.013169446883230905 0.007023705004389816
0 0.4212028094820018 0.8933274802458296 0.011852502194907815 0.007023705004389816
0 0.6694468832309043 0.8145302897278315 0.00877963125548727 0.008340649692712906
0 0.7484635645302897 0.3123353819139596 0.012291483757682178 0.006584723441615452
0 0.3270412642669008 0.7928007023705005 0.013169446883230905 0.009657594381035996
0 0.37664618086040386 0.9043020193151887 0.012291483757682178 0.007023705004389816
0 0.4089113257243196 0.8178226514486392 0.010974539069359086 0.007023705004389816
0 0.564091308165057 0.9479806848112379 0.006145741878841089 0.008340649692712906
0 0.3132133450395083 0.79828797190518 0.01009657594381036 0.008340649692712906
0 0.3509657594381036 0.805531167690957 0.010974539069359086 0.00877963125548727
0 0.5656277436347673 0.9170324846356454 0.006584723441615452 0.009657594381035996
0 0.26492537313432835 0.08582089552238806 0.01009657594381036 0.008340649692712906
0 0.40452151009657594 0.9255926251097454 0.011852502194907815 0.005706760316066725
0 0.5610184372256365 0.7471466198419666 0.01141352063213345 0.007901668129938543
