0 0.14683933274802458 0.9945127304653204 0.008340649692712906 0.010974539069359086
0 0.28797190517998245 0.7868744512730466 0.01141352063213345 0.008340649692712906
0 0.16747146619841966 0.9719051799824407 0.01009657594381036 0.014047410008779631
0 0.3702809482001756 0.21992976294995611 0.01009657594381036 0.007023705004389816
0 0.3244073748902546 0.18107989464442492 0.00877963125548727 0.008340649692712906
0 0.35491659350307286 0.21619841966637401 0.011852502194907815 0.01009657594381036
0 0.6773485513608428 0.5370939420544337 0.010535557506584723 0.010974539069359086
0 0.8720368744512731 0.6933713784021072 0.010974539069359086 0.011852502194907815
0 0.4264705882352941 0.23726953467954345 0.009218612818261633 0.008340649692712906
0 0.8900351185250219 0.7203687445127305 0.007462686567164179 0.00877963125548727
0 0.3472344161545215 0.16044776119402984 0.01141352063213345 0.008340649692712906
0 0.7425373134328358 0.46773485513608426 0.02151009657594381 0.014486391571553995
0 0.8259438103599649 0.4852941176470588 0.010974539069359086 0.008340649692712906
0 0.5366549604916594 0.3726953467954346 0.009218612818261633 0.00877963125548727
0 0.5605794556628622 0.4071553994732221 0.009657594381035996 0.008340649692712906
0 0.9203248463564531 0.8968393327480246 0.007462686567164179 0.010535557506584723
0 0.1861281826163301 0.012291483757682178 0.009657594381035996 0.007901668129938543
0 0.22058823529411764 0.038849868305531166 0.01009657594381036 0.01009657594381036
0 0.2504389815627744 0.07221246707638279 0.01009657594381036 0.008340649692712906
0 0.3197980684811238 0.13652326602282705 0.010974539069359086 0.00877963125548727
0 0.4835381913959614 0.2820456540825285 0.009218612818261633 0.009218612818261633
0 0.27699736611062337 0.1106233538191396 0.00877963125548727 0.00877963125548727
0 0.2993854258121159 0.13542581211589114 0.00877963125548727 0.009218612818261633
0 0.33691834942932397 0.1707638279192274 0.01009657594381036 0.007023705004389816
0 0.6277436347673397 0.6044776119402985 0.014047410008779631 0.010535557506584723
0 0.34877085162423177 0.18678665496049165 0.008340649692712906 0.01009657594381036
0 0.43898156277436345 0.28467954345917473 0.007901668129938543 0.009218612818261633
0 0.35359964881474976 0.1828358208955224 0.009218612818261633 0.009218612818261633
0 0.7115891132572432 0.5381913959613697 0.013169446883230905 0.009657594381035996
0 0.37818261633011413 0.21575943810359965 0.009218612818261633 0.008340649692712906
0 0.7541703248463565 0.5875768217734855 0.00877963125548727 0.008340649692712906
0 0.4212028094820018 0.2559262510974539 0.009218612818261633 0.009657594381035996
0 0.46202809482001755 0.305531167690957 0.010974539069359086 0.009657594381035996
0 0.48463564530289727 0.3189201053555751 0.009657594381035996 0.008340649692712906
0 0.48946444249341525 0.3340649692712906 0.010535557506584723 0.007901668129938543
0 0.5274363476733978 0.37554872695346797 0.009218612818261633 0.010974539069359086
0 0.5662862159789289 0.4005706760316067 0.010535557506584723 0.009218612818261633
0 0.5840649692712906 0.41900790166812996 0.01009657594381036 0.008340649692712906
0 0.6035996488147498 0.44512730465320455 0.007901668129938543 0.00877963125548727
0 0.664179104477612 0.49648814749780507 0.007901668129938543 0.00877963125548727
0 0.6468393327480246 0.4868305531167691 0.009218612818261633 0.00877963125548727
0 0.7493415276558385 0.5733099209833187 0.00877963125548727 0.00877963125548727
0 0.7820456540825286 0.603819139596137 0.009218612818261633 0.008340649692712906
0 0.6696663740122915 0.5085601404741001 0.009218612818261633 0.009218612818261633
0 0.8070676031606673 0.6286215978928885 0.01009657594381036 0.007901668129938543
0 0.7974100087796313 0.6268656716417911 0.007462686567164179 0.00877963125548727
0 0.8233099209833187 0.6455223880597015 0.009218612818261633 0.009218612818261633
0 0.8689640035118525 0.6990781387181738 0.009218612818261633 0.009218612818261633
0 0.7791922739244952 0.48134328358208955 0.012291483757682178 0.009218612818261633
0 0.8154082528533801 0.4754170324846356 0.010974539069359086 0.007901668129938543
0 0.8762071992976295 0.4400790166812994 0.010535557506584723 0.006584723441615452
0 0.5406057945566286 0.6865671641791045 0.010974539069359086 0.009657594381035996
0 0.5513608428446005 0.6966637401229149 0.010535557506584723 0.007901668129938543
0 0.559262510974539 0.7025899912203687 0.009657594381035996 0.009218612818261633
0 0.5671641791044776 0.7133450395083406 0.009657594381035996 0.00877963125548727
0 0.5836259877085163 0.7460491659350307 0.006584723441615452 0.008340649692712906
0 0.5671641791044776 0.8751097453906936 0.006145741878841089 0.008340649692712906
0 0.41900790166812996 0.8966198419666374 0.010974539069359086 0.005706760316066725
0 0.5068042142230026 0.6742756804214223 0.015364354697102721 0.00877963125548727
0 0.01514486391571554 0.8887181738366988 0.012730465320456541 0.009218612818261633
0 0.5537752414398596 0.6404741000877963 0.011852502194907815 0.009657594381035996
0 0.7396839332748024 0.5373134328358209 0.014925373134328358 0.009657594381035996
0 0.39596136962247586 0.8546971027216856 0.007901668129938543 0.00877963125548727
0 0.4064969271290606 0.9209833187006146 0.01141352063213345 0.006145741878841089
0 0.39881474978050924 0.8606233538191396 0.011852502194907815 0.008340649692712906
0 0.4097892888498683 0.8211150131694469 0.010974539069359086 0.006584723441615452
0 0.3461369622475856 0.8088235294117647 0.010974539069359086 0.010974539069359086
0 0.39508340649692714 0.869622475856014 0.01141352063213345 0.007023705004389816
0 0.520632133450395 0.8928884986830553 0.007901668129938543 0.00877963125548727
0 0.5823090430201932 0.9203248463564531 0.005706760316066725 0.009218612818261633
0 0.27853380158033364 0.8643546971027217 0.010974539069359086 0.0052677787532923615
0 0.37949956101843724 0.8999122036874452 0.010974539069359086 0.006145741878841089
0 0.283801580333626 0.8571115013169447 0.01009657594381036 0.006584723441615452
0 0.38520632133450394 0.8884986830553117 0.011852502194907815 0.007023705004389816
0 0.26865671641791045 0.9521510096575944 0.006145741878841089 0.010535557506584723
0 0.3437225636523266 0.9205443371378402 0.00877963125548727 0.0052677787532923615
0 0.4585162423178227 0.9172519754170325 0.007462686567164179 0.009218612818261633
0 0.34460052677787534 0.9163740122914837 0.00877963125548727 0.006584723441615452
0 0.3724758560140474 0.8079455662862159 0.010974539069359086 0.010974539069359086
0 0.5002194907813872 0.8472344161545216 0.006584723441615452 0.009657594381035996
0 0.37335381913959614 0.8154082528533801 0.011852502194907815 0.007462686567164179
0 0.5866988586479368 0.9225197541703248 0.008340649692712906 0.009218612818261633
0 0.5559701492537313 0.8799385425812116 0.007462686567164179 0.01009657594381036
0 0.31870061457418786 0.6518876207199298 0.00877963125548727 0.00877963125548727
0 0.3858647936786655 0.8812554872695347 0.015803336259877086 0.009218612818261633
0 0.2627304653204565 0.9519315188762072 0.006584723441615452 0.010974539069359086
0 0.37203687445127304 0.8285776997366111 0.010974539069359086 0.006584723441615452
0 0.704126426690079 0.8579894644424935 0.007901668129938543 0.01009657594381036
0 0.7563652326602283 0.2932396839332748 0.013169446883230905 0.007023705004389816
0 0.4216417910447761 0.8928884986830553 0.011852502194907815 0.007023705004389816
0 0.6707638279192274 0.8136523266022827 0.00877963125548727 0.008340649692712906
0 0.7497805092186128 0.31189640035118527 0.012291483757682178 0.006584723441615452
0 0.3279192273924495 0.792361720807726 0.013169446883230905 0.009657594381035996
0 0.3775241439859526 0.9038630377524144 0.012291483757682178 0.007023705004389816
0 0.4097892888498683 0.8173836698858647 0.010974539069359086 0.007023705004389816
0 0.5658472344161545 0.9479806848112379 0.006145741878841089 0.008340649692712906
0 0.3149692712906058 0.7987269534679543 0.01009657594381036 0.008340649692712906
0 0.351404741000878 0.805531167690957 0.010974539069359086 0.00877963125548727
0 0.5665057067603161 0.9165935030728709 0.006584723441615452 0.009657594381035996
0 0.40539947322212466 0.9247146619841967 0.011852502194907815 0.005706760316066725
0 0.5623353819139596 0.7471466198419666 0.01141352063213345 0.007901668129938543
