0 0.15035118525021948 0.9896839332748024 0.008340649692712906 0.010974539069359086
0 0.276558384547849 0.7921422300263389 0.01141352063213345 0.008340649692712906
0 0.16176470588235295 0.9833187006145742 0.01009657594381036 0.014047410008779631
0 0.34701492537313433 0.1971027216856892 0.01009657594381036 0.007023705004389816
0 0.30684811237928006 0.16000877963125548 0.00877963125548727 0.008340649692712906
0 0.3364793678665496 0.19820017559262512 0.011852502194907815 0.01009657594381036
0 0.6624231782265145 0.5212906057945567 0.00877963125548727 0.010974539069359086
0 0.8860842844600527 0.7144424934152765 0.010974539069359086 0.011852502194907815
0 0.4462247585601405 0.25438981562774365 0.009218612818261633 0.008340649692712906
0 0.9018876207199298 0.742756804214223 0.007462686567164179 0.00877963125548727
0 0.3652326602282704 0.17712906057945565 0.01141352063213345 0.008340649692712906
0 0.7557067603160668 0.4747585601404741 0.023266022827041263 0.012730465320456541
0 0.8518437225636524 0.4699297629499561 0.010974539069359086 0.008340649692712906
0 0.5577260755048288 0.3933274802458297 0.009218612818261633 0.00877963125548727
0 0.5847234416154522 0.4291044776119403 0.009657594381035996 0.008340649692712906
0 0.9181299385425812 0.9258121158911325 0.007462686567164179 0.010535557506584723
0 0.20719929762949957 0.03028972783143108 0.009657594381035996 0.007901668129938543
0 0.2368305531167691 0.055970149253731345 0.01009657594381036 0.01009657594381036
0 0.2666812993854258 0.08713784021071115 0.01009657594381036 0.008340649692712906
0 0.33955223880597013 0.15364354697102722 0.010974539069359086 0.00877963125548727
0 0.5068042142230026 0.29741000877963125 0.009218612818261633 0.009218612818261633
0 0.2967515364354697 0.13125548726953468 0.00877963125548727 0.00877963125548727
0 0.3217734855136084 0.1573748902546093 0.00877963125548727 0.009218612818261633
0 0.3579894644424934 0.1922739244951712 0.01009657594381036 0.007023705004389816
0 0.6549604916593503 0.5882352941176471 0.014047410008779631 0.010535557506584723
0 0.3694029850746269 0.20741878841088673 0.008340649692712906 0.01009657594381036
0 0.4604916593503073 0.30399473222124673 0.007901668129938543 0.009218612818261633
0 0.3737928007023705 0.20390693590869183 0.009218612818261633 0.009218612818261633
0 0.7322212467076383 0.5575065847234416 0.013169446883230905 0.009657594381035996
0 0.39925373134328357 0.23814749780509217 0.009218612818261633 0.008340649692712906
0 0.7783143107989464 0.6095258999122037 0.00877963125548727 0.008340649692712906
0 0.4449078138718174 0.2787532923617208 0.009218612818261633 0.009657594381035996
0 0.48178226514486394 0.32660228270412645 0.010974539069359086 0.009657594381035996
0 0.5092186128182616 0.34218612818261634 0.009657594381035996 0.008340649692712906
0 0.5114135206321334 0.3542581211589113 0.010535557506584723 0.007901668129938543
0 0.5502633889376646 0.3979367866549605 0.009218612818261633 0.010974539069359086
0 0.5886742756804214 0.4212028094820018 0.010535557506584723 0.009218612818261633
0 0.6068920105355575 0.439640035118525 0.01009657594381036 0.008340649692712906
0 0.6277436347673397 0.4675153643546971 0.007901668129938543 0.00877963125548727
0 0.6874451273046532 0.5166812993854258 0.007901668129938543 0.00877963125548727
0 0.6683494293239683 0.5079016681299385 0.009218612818261633 0.00877963125548727
0 0.7715100965759438 0.5937225636523266 0.010974539069359086 0.008340649692712906
0 0.8044337137840211 0.6235733099209834 0.009218612818261633 0.008340649692712906
0 0.6916154521510096 0.5291922739244952 0.009218612818261633 0.009218612818261633
0 0.827260755048288 0.6459613696224759 0.009218612818261633 0.007462686567164179
0 0.818920105355575 0.6488147497805092 0.007462686567164179 0.00877963125548727
0 0.8430640913081651 0.6643985952589991 0.009218612818261633 0.009218612818261633
0 0.8860842844600527 0.7254170324846356 0.009218612818261633 0.009218612818261633
0 0.7901668129938543 0.4833187006145742 0.012291483757682178 0.010535557506584723
0 0.8290166812993854 0.4683933274802458 0.010974539069359086 0.007901668129938543
0 0.8937664618086041 0.43086040386303776 0.010535557506584723 0.006584723441615452
0 0.5414837576821774 0.6861281826163301 0.010974539069359086 0.009657594381035996
0 0.5522388059701493 0.6971027216856892 0.010535557506584723 0.007901668129938543
0 0.5601404741000878 0.7025899912203687 0.009657594381035996 0.009218612818261633
0 0.567603160667252 0.7133450395083406 0.009657594381035996 0.00877963125548727
0 0.5717734855136084 0.735513608428446 0.006584723441615452 0.008340649692712906
0 0.567603160667252 0.8751097453906936 0.006145741878841089 0.008340649692712906
0 0.4198858647936787 0.8966198419666374 0.010974539069359086 0.005706760316066725
0 0.5305092186128183 0.6611062335381914 0.015364354697102721 0.00877963125548727
0 0.5744073748902546 0.6251097453906936 0.011852502194907815 0.009657594381035996
0 0.7651448639157156 0.5223880597014925 0.014925373134328358 0.009657594381035996
0 0.38937664618086043 0.8564530289727832 0.007901668129938543 0.00877963125548727
0 0.4073748902546093 0.9209833187006146 0.01141352063213345 0.006145741878841089
0 0.39881474978050924 0.8601843722563652 0.011852502194907815 0.008340649692712906
0 0.41066725197541704 0.8206760316066726 0.010974539069359086 0.006584723441615452
0 0.3461369622475856 0.8088235294117647 0.010974539069359086 0.010974539069359086
0 0.39508340649692714 0.869622475856014 0.01141352063213345 0.007023705004389816
0 0.5215100965759438 0.8928884986830553 0.007901668129938543 0.00877963125548727
0 0.5827480245829675 0.9203248463564531 0.005706760316066725 0.009218612818261633
0 0.27941176470588236 0.8639157155399473 0.010974539069359086 0.0052677787532923615
0 0.37993854258121157 0.8994732221246707 0.010974539069359086 0.006145741878841089
0 0.28424056189640035 0.8566725197541704 0.01009657594381036 0.006584723441615452
0 0.38564530289727833 0.8884986830553117 0.011852502194907815 0.007023705004389816
0 0.26909569798068483 0.95171202809482 0.006145741878841089 0.010535557506584723
0 0.34416154521510095 0.9205443371378402 0.00877963125548727 0.0052677787532923615
0 0.4593942054433714 0.9172519754170325 0.007462686567164179 0.009218612818261633
0 0.34503950834064967 0.9163740122914837 0.00877963125548727 0.006584723441615452
0 0.3724758560140474 0.8079455662862159 0.010974539069359086 0.010974539069359086
0 0.5010974539069359 0.8467954345917471 0.006584723441615452 0.009657594381035996
0 0.37335381913959614 0.8154082528533801 0.011852502194907815 0.007462686567164179
0 0.5871378402107111 0.9225197541703248 0.008340649692712906 0.009218612818261633
0 0.5564091308165057 0.8799385425812116 0.007462686567164179 0.01009657594381036
0 0.31870061457418786 0.6523266022827041 0.00877963125548727 0.00877963125548727
0 0.3863037752414399 0.8812554872695347 0.015803336259877086 0.009218612818261633
0 0.2631694468832309 0.9514925373134329 0.006584723441615452 0.010974539069359086
0 0.3724758560140474 0.8290166812993854 0.010974539069359086 0.006584723441615452
0 0.7050043898156277 0.857550482879719 0.007901668129938543 0.01009657594381036
0 0.7563652326602283 0.29280070237050043 0.013169446883230905 0.007023705004389816
0 0.42251975417032483 0.8928884986830553 0.011852502194907815 0.007023705004389816
0 0.6707638279192274 0.8136523266022827 0.00877963125548727 0.008340649692712906
0 0.7497805092186128 0.3114574187884109 0.012291483757682178 0.006584723441615452
0 0.3283582089552239 0.792361720807726 0.013169446883230905 0.009657594381035996
0 0.37796312554872696 0.9034240561896401 0.012291483757682178 0.007023705004389816
0 0.41022827041264265 0.8169446883230904 0.010974539069359086 0.007023705004389816
0 0.5662862159789289 0.9479806848112379 0.006145741878841089 0.008340649692712906
0 0.31540825285338014 0.79828797190518 0.01009657594381036 0.008340649692712906
0 0.3522827041264267 0.805531167690957 0.010974539069359086 0.00877963125548727
0 0.5673836698858647 0.9161545215100966 0.006584723441615452 0.009657594381035996
0 0.40539947322212466 0.9247146619841967 0.011852502194907815 0.005706760316066725
0 0.5627743634767339 0.7467076382791923 0.01141352063213345 0.007901668129938543
