0 0.15342405618964003 0.9844161545215101 0.01009657594381036 0.010974539069359086
0 0.266900790166813 0.800702370500439 0.00877963125548727 0.009657594381035996
0 0.15825285338015804 0.9934152765583846 0.013608428446005268 0.013169446883230905
0 0.3233099209833187 0.17208077260755048 0.01009657594381036 0.007023705004389816
0 0.286215978928885 0.1428884986830553 0.00877963125548727 0.008340649692712906
0 0.3189201053555751 0.1780070237050044 0.011852502194907815 0.01009657594381036
0 0.641352063213345 0.503731343283582 0.00877963125548727 0.010974539069359086
0 0.884108867427568 0.9916593503072871 0.00877963125548727 0.012291483757682178
0 0.8996927129060579 0.7385864793678666 0.010974539069359086 0.011852502194907815
0 0.46729587357330993 0.2706321334503951 0.009218612818261633 0.008340649692712906
0 0.9128621597892889 0.766900790166813 0.007462686567164179 0.00877963125548727
0 0.38323090430201934 0.19732221246707637 0.01141352063213345 0.008340649692712906
0 0.7710711150131695 0.4791483757682177 0.023266022827041263 0.012730465320456541
0 0.8764266900790166 0.45544337137840213 0.010974539069359086 0.008340649692712906
0 0.5792361720807726 0.41439859525899914 0.009218612818261633 0.00877963125548727
0 0.6093064091308165 0.4523705004389816 0.009657594381035996 0.008340649692712906
0 0.9161545215100966 0.9545654082528534 0.00877963125548727 0.012730465320456541
0 0.22563652326602282 0.04521510096575944 0.009657594381035996 0.007901668129938543
0 0.254828797190518 0.07396839332748024 0.01009657594381036 0.01009657594381036
0 0.2833625987708516 0.10381913959613696 0.01009657594381036 0.008340649692712906
0 0.3584284460052678 0.17120280948200176 0.010974539069359086 0.00877963125548727
0 0.5296312554872695 0.3132133450395083 0.009218612818261633 0.009218612818261633
0 0.19139596136962247 0.021729587357330993 0.00877963125548727 0.009218612818261633
0 0.31782265144863914 0.15364354697102722 0.00877963125548727 0.00877963125548727
0 0.3437225636523266 0.1802019315188762 0.00877963125548727 0.009218612818261633
0 0.3777436347673398 0.21466198419666374 0.01009657594381036 0.007023705004389816
0 0.6795434591747147 0.5733099209833187 0.014047410008779631 0.010535557506584723
0 0.3895961369622476 0.230684811237928 0.008340649692712906 0.01009657594381036
0 0.48024582967515367 0.3255048287971905 0.007901668129938543 0.009218612818261633
0 0.3939859525899912 0.22541703248463565 0.009218612818261633 0.009218612818261633
0 0.7528533801580334 0.577260755048288 0.013169446883230905 0.009657594381035996
0 0.4194468832309043 0.26053555750658475 0.009218612818261633 0.008340649692712906
0 0.8028972783143108 0.6323529411764706 0.00877963125548727 0.008340649692712906
0 0.46773485513608426 0.3015803336259877 0.009218612818261633 0.009657594381035996
0 0.5028533801580334 0.3481123792800702 0.010974539069359086 0.009657594381035996
0 0.5329236172080772 0.3654521510096576 0.009657594381035996 0.008340649692712906
0 0.5342405618964003 0.3762071992976295 0.010535557506584723 0.007901668129938543
0 0.5726514486391572 0.41812993854258124 0.009218612818261633 0.010974539069359086
0 0.6101843722563652 0.44315188762071994 0.010535557506584723 0.009218612818261633
0 0.62928007023705 0.46115013169446883 0.01009657594381036 0.008340649692712906
0 0.6505706760316067 0.49034240561896403 0.007901668129938543 0.00877963125548727
0 0.7089552238805971 0.5359964881474978 0.007901668129938543 0.00877963125548727
0 0.6898595258999122 0.5280948200175593 0.009218612818261633 0.00877963125548727
0 0.7938981562774363 0.6128182616330115 0.009218612818261633 0.00877963125548727
0 0.827260755048288 0.642449517120281 0.007462686567164179 0.008340649692712906
0 0.7122475856014048 0.5485074626865671 0.009218612818261633 0.009218612818261633
0 0.8465759438103599 0.6652765583845478 0.008340649692712906 0.009218612818261633
0 0.8413081650570676 0.6698858647936786 0.007462686567164179 0.00877963125548727
0 0.8628182616330115 0.6828358208955224 0.007462686567164179 0.009218612818261633
0 0.9005706760316067 0.7543898156277437 0.009218612818261633 0.009218612818261633
0 0.8028972783143108 0.4815627743634767 0.012291483757682178 0.010535557506584723
0 0.8413081650570676 0.4622475856014047 0.010974539069359086 0.007901668129938543
0 0.9104477611940298 0.42251975417032483 0.010535557506584723 0.006584723441615452
0 0.5410447761194029 0.6865671641791045 0.010974539069359086 0.009657594381035996
0 0.5517998244073749 0.6979806848112379 0.010535557506584723 0.007901668129938543
0 0.559262510974539 0.7030289727831431 0.009657594381035996 0.009218612818261633
0 0.567603160667252 0.7129060579455663 0.00877963125548727 0.00877963125548727
0 0.5614574187884109 0.7254170324846356 0.010535557506584723 0.007462686567164179
0 0.5671641791044776 0.875548726953468 0.006145741878841089 0.008340649692712906
0 0.4194468832309043 0.8970588235294118 0.010974539069359086 0.005706760316066725
0 0.5542142230026339 0.646180860403863 0.015364354697102721 0.010535557506584723
0 0.5976733977172959 0.6128182616330115 0.011852502194907815 0.009657594381035996
0 0.7892888498683055 0.5070237050043899 0.014925373134328358 0.009657594381035996
0 0.3854258121158911 0.8604038630377524 0.007901668129938543 0.00877963125548727
0 0.4060579455662862 0.9214223002633889 0.01141352063213345 0.006145741878841089
0 0.39837576821773485 0.861062335381914 0.011852502194907815 0.008340649692712906
0 0.4097892888498683 0.8215539947322212 0.010974539069359086 0.006584723441615452
0 0.3461369622475856 0.809262510974539 0.010974539069359086 0.010974539069359086
0 0.39464442493415275 0.869622475856014 0.01141352063213345 0.007023705004389816
0 0.520632133450395 0.8928884986830553 0.007901668129938543 0.00877963125548727
0 0.5823090430201932 0.9207638279192274 0.005706760316066725 0.009218612818261633
0 0.28072870939420547 0.8647936786654961 0.010974539069359086 0.0052677787532923615
0 0.37906057945566285 0.9003511852502195 0.010974539069359086 0.006145741878841089
0 0.283801580333626 0.857550482879719 0.01009657594381036 0.006584723441615452
0 0.3847673397717296 0.888937664618086 0.011852502194907815 0.007023705004389816
0 0.26821773485513606 0.9521510096575944 0.006145741878841089 0.010535557506584723
0 0.34328358208955223 0.9209833187006146 0.00877963125548727 0.0052677787532923615
0 0.4585162423178227 0.9176909569798068 0.007462686567164179 0.009218612818261633
0 0.34460052677787534 0.9168129938542581 0.00877963125548727 0.006584723441615452
0 0.37203687445127304 0.8083845478489904 0.010974539069359086 0.010974539069359086
0 0.5002194907813872 0.8476733977172959 0.006584723441615452 0.009657594381035996
0 0.37291483757682176 0.8158472344161545 0.011852502194907815 0.007462686567164179
0 0.5866988586479368 0.9229587357330992 0.008340649692712906 0.009218612818261633
0 0.555531167690957 0.880377524143986 0.007462686567164179 0.01009657594381036
0 0.3169446883230904 0.6536435469710272 0.00877963125548727 0.00877963125548727
0 0.3858647936786655 0.8816944688323091 0.015803336259877086 0.009218612818261633
0 0.2627304653204565 0.9519315188762072 0.006584723441615452 0.010974539069359086
0 0.3715978928884987 0.8290166812993854 0.010974539069359086 0.006584723441615452
0 0.704126426690079 0.8584284460052678 0.007901668129938543 0.01009657594381036
0 0.7559262510974539 0.2932396839332748 0.013169446883230905 0.007023705004389816
0 0.4216417910447761 0.8933274802458296 0.011852502194907815 0.007023705004389816
0 0.6698858647936786 0.814091308165057 0.00877963125548727 0.008340649692712906
0 0.7493415276558385 0.3123353819139596 0.012291483757682178 0.006584723441615452
0 0.3279192273924495 0.7928007023705005 0.013169446883230905 0.009657594381035996
0 0.37708516242317824 0.9043020193151887 0.012291483757682178 0.007023705004389816
0 0.4097892888498683 0.8173836698858647 0.010974539069359086 0.007023705004389816
0 0.5654082528533801 0.9484196663740123 0.006145741878841089 0.008340649692712906
0 0.3145302897278314 0.7987269534679543 0.01009657594381036 0.008340649692712906
0 0.351404741000878 0.8059701492537313 0.010974539069359086 0.00877963125548727
0 0.5669446883230904 0.9170324846356454 0.006584723441615452 0.009657594381035996
0 0.40496049165935033 0.925153643546971 0.011852502194907815 0.005706760316066725
0 0.5618964003511853 0.7471466198419666 0.01141352063213345 0.007901668129938543
