0 0.16966637401229148 0.954126426690079 0.01009657594381036 0.010974539069359086
0 0.25263388937664616 0.8173836698858647 0.01009657594381036 0.009657594381035996
0 0.22892888498683056 0.07155399473222125 0.01009657594381036 0.007023705004389816
0 0.21334503950834066 0.06826163301141353 0.00877963125548727 0.008340649692712906
0 0.2504389815627744 0.10601404741000878 0.011852502194907815 0.01009657594381036
0 0.5581650570676031 0.42339771729587355 0.009218612818261633 0.008340649692712906
0 0.8740122914837577 0.8869622475856014 0.012291483757682178 0.010974539069359086
0 0.8823529411764706 0.9523705004389815 0.009657594381035996 0.011852502194907815
0 0.9032045654082529 0.9824407374890255 0.007462686567164179 0.00877963125548727
0 0.9288849868305531 0.8323090430201932 0.007901668129938543 0.013169446883230905
0 0.5564091308165057 0.3307726075504829 0.009218612818261633 0.008340649692712906
0 0.9304214223002634 0.8691834942932397 0.007462686567164179 0.00877963125548727
0 0.466198419666374 0.2684372256365233 0.01141352063213345 0.008340649692712906
0 0.8276997366110623 0.4701492537313433 0.020632133450395083 0.016681299385425813
0 0.9716856892010536 0.3939859525899912 0.010974539069359086 0.008340649692712906
0 0.6687884108867428 0.4978050921861282 0.009218612818261633 0.00877963125548727
0 0.704126426690079 0.5401668129938543 0.009657594381035996 0.008340649692712906
0 0.1769095697980685 0.002414398595258999 0.00877963125548727 0.010974539069359086
0 0.19776119402985073 0.024363476733977173 0.01009657594381036 0.007462686567164179
0 0.24429323968393327 0.06233538191395961 0.008340649692712906 0.007901668129938543
0 0.21597892888498682 0.04543459174714662 0.00877963125548727 0.008340649692712906
0 0.29367866549604915 0.10798946444249341 0.009657594381035996 0.007901668129938543
0 0.3206760316066725 0.13542581211589114 0.01009657594381036 0.01009657594381036
0 0.35403863037752414 0.1670324846356453 0.01009657594381036 0.008340649692712906
0 0.4334942932396839 0.242756804214223 0.010974539069359086 0.00877963125548727
0 0.6222563652326603 0.37071992976294993 0.009218612818261633 0.009218612818261633
0 0.27611940298507465 0.10733099209833187 0.00877963125548727 0.009218612818261633
0 0.40298507462686567 0.24495171202809482 0.00877963125548727 0.00877963125548727
0 0.4288849868305531 0.2728270412642669 0.00877963125548727 0.009218612818261633
0 0.46246707638279194 0.30245829675153646 0.01009657594381036 0.007023705004389816
0 0.7857769973661106 0.5092186128182616 0.014047410008779631 0.010535557506584723
0 0.47651448639157157 0.32155399473222124 0.008340649692712906 0.01009657594381036
0 0.5658472344161545 0.40935030728709393 0.007901668129938543 0.009218612818261633
0 0.48134328358208955 0.3149692712906058 0.009218612818261633 0.009218612818261633
0 0.8345039508340649 0.6540825285338016 0.010535557506584723 0.009657594381035996
0 0.5133889376646181 0.35359964881474976 0.009218612818261633 0.008340649692712906
0 0.8812554872695347 0.7227831431079894 0.008340649692712906 0.009218612818261633
0 0.5621158911325724 0.398595258999122 0.009218612818261633 0.009657594381035996
0 0.5910886742756805 0.4310798946444249 0.010974539069359086 0.009657594381035996
0 0.625548726953468 0.4532484635645303 0.009657594381035996 0.008340649692712906
0 0.6237928007023705 0.4618086040386304 0.010535557506584723 0.007901668129938543
0 0.6633011413520632 0.5039508340649693 0.010535557506584723 0.007023705004389816
0 0.6988586479367866 0.526558384547849 0.010535557506584723 0.009218612818261633
0 0.7192712906057945 0.545873573309921 0.01009657594381036 0.008340649692712906
0 0.742756804214223 0.5750658472344161 0.007901668129938543 0.00877963125548727
0 0.7932396839332748 0.6132572431957858 0.007901668129938543 0.00877963125548727
0 0.7745829675153644 0.6071115013169447 0.009218612818261633 0.00877963125548727
0 0.8720368744512731 0.6949078138718174 0.009218612818261633 0.00877963125548727
0 0.8909130816505707 0.7219051799824407 0.007462686567164179 0.008340649692712906
0 0.7991659350307287 0.6297190517998245 0.009218612818261633 0.009218612818261633
0 0.9032045654082529 0.7456101843722563 0.008340649692712906 0.009218612818261633
0 0.9032045654082529 0.7647058823529411 0.007462686567164179 0.00877963125548727
0 0.9122036874451273 0.7662423178226514 0.007023705004389816 0.009218612818261633
0 0.9233977172958736 0.8759877085162423 0.008340649692712906 0.009218612818261633
0 0.8555750658472344 0.45302897278314314 0.012291483757682178 0.010535557506584723
0 0.9133011413520632 0.417910447761194 0.010974539069359086 0.007901668129938543
0 0.9837576821773486 0.3775241439859526 0.010535557506584723 0.00877963125548727
0 0.5406057945566286 0.6870061457418788 0.010974539069359086 0.009657594381035996
0 0.5513608428446005 0.6979806848112379 0.010535557506584723 0.007901668129938543
0 0.559262510974539 0.7034679543459175 0.009657594381035996 0.009218612818261633
0 0.5680421422300264 0.7133450395083406 0.00877963125548727 0.00877963125548727
0 0.5158033362598771 0.6982001755926251 0.010535557506584723 0.007462686567164179
0 0.5671641791044776 0.875548726953468 0.006145741878841089 0.008340649692712906
0 0.4198858647936787 0.8974978050921861 0.010974539069359086 0.005706760316066725
0 0.6459613696224759 0.5935030728709394 0.015364354697102721 0.010535557506584723
0 0.6889815627743635 0.5597014925373134 0.011852502194907815 0.009657594381035996
0 0.8819139596136962 0.4495171202809482 0.014925373134328358 0.009657594381035996
0 0.373134328358209 0.8810359964881475 0.007901668129938543 0.00877963125548727
0 0.4064969271290606 0.9214223002633889 0.01141352063213345 0.006145741878841089
0 0.39881474978050924 0.861062335381914 0.011852502194907815 0.008340649692712906
0 0.4097892888498683 0.8219929762949956 0.010974539069359086 0.006584723441615452
0 0.3452589991220369 0.809262510974539 0.010974539069359086 0.010974539069359086
0 0.39464442493415275 0.8700614574187884 0.01141352063213345 0.007023705004389816
0 0.520632133450395 0.8933274802458296 0.007901668129938543 0.00877963125548727
0 0.5823090430201932 0.9207638279192274 0.005706760316066725 0.009218612818261633
0 0.28072870939420547 0.8639157155399473 0.010974539069359086 0.0052677787532923615
0 0.37949956101843724 0.8999122036874452 0.010974539069359086 0.006145741878841089
0 0.28511852502194907 0.8566725197541704 0.01009657594381036 0.006584723441615452
0 0.38520632133450394 0.888937664618086 0.011852502194907815 0.007023705004389816
0 0.26821773485513606 0.9521510096575944 0.006145741878841089 0.010535557506584723
0 0.34328358208955223 0.9205443371378402 0.00877963125548727 0.0052677787532923615
0 0.4585162423178227 0.9176909569798068 0.007462686567164179 0.009218612818261633
0 0.34503950834064967 0.9168129938542581 0.00877963125548727 0.006584723441615452
0 0.3715978928884987 0.8088235294117647 0.010974539069359086 0.010974539069359086
0 0.5002194907813872 0.8476733977172959 0.006584723441615452 0.009657594381035996
0 0.3724758560140474 0.8158472344161545 0.011852502194907815 0.007462686567164179
0 0.5862598770851625 0.9229587357330992 0.008340649692712906 0.009218612818261633
0 0.555531167690957 0.880377524143986 0.007462686567164179 0.01009657594381036
0 0.31782265144863914 0.6527655838454784 0.00877963125548727 0.00877963125548727
0 0.3863037752414399 0.8821334503950834 0.015803336259877086 0.009218612818261633
0 0.2627304653204565 0.9523705004389815 0.006584723441615452 0.010974539069359086
0 0.3715978928884987 0.8294556628621598 0.010974539069359086 0.006584723441615452
0 0.704126426690079 0.8588674275680421 0.007901668129938543 0.01009657594381036
0 0.7554872695346796 0.29280070237050043 0.013169446883230905 0.007023705004389816
0 0.4216417910447761 0.8933274802458296 0.011852502194907815 0.007023705004389816
0 0.6703248463564531 0.8145302897278315 0.00877963125548727 0.008340649692712906
0 0.7493415276558385 0.31189640035118527 0.012291483757682178 0.006584723441615452
0 0.3279192273924495 0.7928007023705005 0.013169446883230905 0.009657594381035996
0 0.37708516242317824 0.9043020193151887 0.012291483757682178 0.007023705004389816
0 0.4097892888498683 0.8178226514486392 0.010974539069359086 0.007023705004389816
0 0.5654082528533801 0.9484196663740123 0.006145741878841089 0.008340649692712906
0 0.3140913081650571 0.79828797190518 0.01009657594381036 0.008340649692712906
0 0.351404741000878 0.805531167690957 0.010974539069359086 0.00877963125548727
0 0.5669446883230904 0.9170324846356454 0.006584723441615452 0.009657594381035996
0 0.20258999122036875 0.019534679543459176 0.01009657594381036 0.008340649692712906
0 0.40539947322212466 0.9255926251097454 0.011852502194907815 0.005706760316066725
0 0.5623353819139596 0.7471466198419666 0.01141352063213345 0.007901668129938543
