0 0.16308165057067603 0.9651009657594382 0.01009657594381036 0.010974539069359086
0 0.25175592625109744 0.815188762071993 0.01009657594381036 0.009657594381035996
0 0.25263388937664616 0.09657594381035997 0.01009657594381036 0.007023705004389816
0 0.2309043020193152 0.0853819139596137 0.00877963125548727 0.008340649692712906
0 0.26580333625987707 0.12445127304653204 0.011852502194907815 0.01009657594381036
0 0.5770412642669008 0.44402985074626866 0.009218612818261633 0.008340649692712906
0 0.8784021071115014 0.9124231782265145 0.012291483757682178 0.010974539069359086
0 0.8832309043020193 0.9765144863915716 0.009657594381035996 0.011852502194907815
0 0.9244951712028094 0.8072870939420544 0.007901668129938543 0.013169446883230905
0 0.5348990342405618 0.31628621597892886 0.009218612818261633 0.008340649692712906
0 0.9277875329236172 0.8432835820895522 0.007462686567164179 0.00877963125548727
0 0.4438103599648815 0.2508779631255487 0.01141352063213345 0.008340649692712906
0 0.8132133450395084 0.47585601404741 0.020632133450395083 0.016681299385425813
0 0.9484196663740123 0.4084723441615452 0.010974539069359086 0.008340649692712906
0 0.6464003511852502 0.47629499561018435 0.009218612818261633 0.00877963125548727
0 0.6808604038630377 0.5173397717295873 0.009657594381035996 0.008340649692712906
0 0.17581211589113258 0.0010974539069359087 0.01009657594381036 0.007462686567164179
0 0.22410008779631255 0.04214223002633889 0.008340649692712906 0.007901668129938543
0 0.19446883230904302 0.024363476733977173 0.00877963125548727 0.008340649692712906
0 0.27699736611062337 0.09306409130816505 0.009657594381035996 0.007901668129938543
0 0.30443371378402106 0.11962247585601404 0.01009657594381036 0.01009657594381036
0 0.33472344161545214 0.15079016681299384 0.01009657594381036 0.008340649692712906
0 0.41286215978928886 0.2247585601404741 0.010974539069359086 0.00877963125548727
0 0.5998683055311677 0.35623353819139597 0.009218612818261633 0.009218612818261633
0 0.2532923617208077 0.0853819139596137 0.00877963125548727 0.009218612818261633
0 0.38147497805092184 0.2212467076382792 0.00877963125548727 0.00877963125548727
0 0.4086918349429324 0.24956101843722564 0.00877963125548727 0.009218612818261633
0 0.4387620719929763 0.28094820017559263 0.01009657594381036 0.007023705004389816
0 0.7581211589113257 0.525460930640913 0.014047410008779631 0.010535557506584723
0 0.45368744512730463 0.2991659350307287 0.008340649692712906 0.01009657594381036
0 0.5425812115891132 0.38784021071115016 0.007901668129938543 0.009218612818261633
0 0.4576382791922739 0.2930201931518876 0.009218612818261633 0.009218612818261633
0 0.8134328358208955 0.6343283582089553 0.010535557506584723 0.009657594381035996
0 0.48836698858647937 0.3303336259877085 0.009218612818261633 0.008340649692712906
0 0.8650131694468832 0.6986391571553995 0.008340649692712906 0.009218612818261633
0 0.5397278314310799 0.3735733099209833 0.009218612818261633 0.009657594381035996
0 0.5678226514486392 0.40956979806848115 0.010974539069359086 0.009657594381035996
0 0.6022827041264267 0.4317383669885865 0.009657594381035996 0.008340649692712906
0 0.6009657594381036 0.43985952589991223 0.010535557506584723 0.007901668129938543
0 0.6422300263388938 0.4811237928007024 0.010535557506584723 0.007023705004389816
0 0.6760316066725197 0.5050482879719052 0.010535557506584723 0.009218612818261633
0 0.6977611940298507 0.5243634767339772 0.01009657594381036 0.008340649692712906
0 0.7194907813871817 0.5548726953467954 0.007901668129938543 0.00877963125548727
0 0.7712906057945567 0.5935030728709394 0.007901668129938543 0.00877963125548727
0 0.7526338893766462 0.5873573309920983 0.009218612818261633 0.00877963125548727
0 0.8544776119402985 0.6729587357330992 0.009218612818261633 0.00877963125548727
0 0.8764266900790166 0.7008340649692713 0.007462686567164179 0.008340649692712906
0 0.7763388937664618 0.608647936786655 0.009218612818261633 0.009218612818261633
0 0.8904741000877963 0.7236611062335382 0.008340649692712906 0.009218612818261633
0 0.8922300263388938 0.7392449517120281 0.007462686567164179 0.00877963125548727
0 0.9025460930640913 0.7442932396839332 0.007023705004389816 0.009218612818261633
0 0.9247146619841967 0.8461369622475856 0.008340649692712906 0.009218612818261633
0 0.8397717295873574 0.461369622475856 0.012291483757682178 0.010535557506584723
0 0.8931079894644425 0.42844600526777876 0.010974539069359086 0.007901668129938543
0 0.9618086040386303 0.39113257243195787 0.010535557506584723 0.00877963125548727
0 0.5392888498683055 0.6865671641791045 0.010974539069359086 0.009657594381035996
0 0.5500438981562774 0.6979806848112379 0.010535557506584723 0.007901668129938543
0 0.5583845478489904 0.7030289727831431 0.009657594381035996 0.009218612818261633
0 0.5671641791044776 0.7129060579455663 0.00877963125548727 0.00877963125548727
0 0.5276558384547849 0.6995171202809481 0.010535557506584723 0.007462686567164179
0 0.5662862159789289 0.8751097453906936 0.006145741878841089 0.008340649692712906
0 0.41856892010535557 0.8974978050921861 0.010974539069359086 0.005706760316066725
0 0.6235733099209834 0.6066725197541704 0.015364354697102721 0.010535557506584723
0 0.6643985952589991 0.5733099209833187 0.011852502194907815 0.009657594381035996
0 0.8573309920983319 0.4635645302897278 0.014925373134328358 0.009657594381035996
0 0.37664618086040386 0.8757682177348551 0.007901668129938543 0.00877963125548727
0 0.40561896400351183 0.9209833187006146 0.01141352063213345 0.006145741878841089
0 0.3979367866549605 0.8606233538191396 0.011852502194907815 0.008340649692712906
0 0.40935030728709393 0.8215539947322212 0.010974539069359086 0.006584723441615452
0 0.3448200175592625 0.809262510974539 0.010974539069359086 0.010974539069359086
0 0.3942054433713784 0.869622475856014 0.01141352063213345 0.007023705004389816
0 0.5197541703248464 0.8928884986830553 0.007901668129938543 0.00877963125548727
0 0.5814310798946444 0.9207638279192274 0.005706760316066725 0.009218612818261633
0 0.2802897278314311 0.863476733977173 0.010974539069359086 0.0052677787532923615
0 0.37906057945566285 0.8999122036874452 0.010974539069359086 0.006145741878841089
0 0.28424056189640035 0.8562335381913959 0.01009657594381036 0.006584723441615452
0 0.3843283582089552 0.888937664618086 0.011852502194907815 0.007023705004389816
0 0.26733977172958734 0.9521510096575944 0.006145741878841089 0.010535557506584723
0 0.3428446005267779 0.9205443371378402 0.00877963125548727 0.0052677787532923615
0 0.4576382791922739 0.9176909569798068 0.007462686567164179 0.009218612818261633
0 0.34416154521510095 0.9163740122914837 0.00877963125548727 0.006584723441615452
0 0.3711589113257243 0.8083845478489904 0.010974539069359086 0.010974539069359086
0 0.49934152765583845 0.8472344161545216 0.006584723441615452 0.009657594381035996
0 0.37203687445127304 0.8158472344161545 0.011852502194907815 0.007462686567164179
0 0.585820895522388 0.9229587357330992 0.008340649692712906 0.009218612818261633
0 0.5546532045654082 0.880377524143986 0.007462686567164179 0.01009657594381036
0 0.3173836698858648 0.6532045654082529 0.00877963125548727 0.00877963125548727
0 0.3858647936786655 0.8816944688323091 0.015803336259877086 0.009218612818261633
0 0.2622914837576822 0.9523705004389815 0.006584723441615452 0.010974539069359086
0 0.3711589113257243 0.8290166812993854 0.010974539069359086 0.006584723441615452
0 0.7036874451273046 0.8584284460052678 0.007901668129938543 0.01009657594381036
0 0.7550482879719052 0.29280070237050043 0.013169446883230905 0.007023705004389816
0 0.4207638279192274 0.8933274802458296 0.011852502194907815 0.007023705004389816
0 0.6694468832309043 0.814091308165057 0.00877963125548727 0.008340649692712906
0 0.7484635645302897 0.31189640035118527 0.012291483757682178 0.006584723441615452
0 0.3270412642669008 0.792361720807726 0.013169446883230905 0.009657594381035996
0 0.37664618086040386 0.9043020193151887 0.012291483757682178 0.007023705004389816
0 0.40935030728709393 0.8173836698858647 0.010974539069359086 0.007023705004389816
0 0.5645302897278315 0.9484196663740123 0.006145741878841089 0.008340649692712906
0 0.3136523266022827 0.7978489903424056 0.01009657594381036 0.008340649692712906
0 0.3509657594381036 0.805531167690957 0.010974539069359086 0.00877963125548727
0 0.5656277436347673 0.9165935030728709 0.006584723441615452 0.009657594381035996
0 0.40408252853380155 0.925153643546971 0.011852502194907815 0.005706760316066725
0 0.5614574187884109 0.7467076382791923 0.01141352063213345 0.007901668129938543
