0 0.4363476733977173 0.721027216856892 0.01141352063213345 0.008340649692712906
0 0.22190517998244075 0.8748902546093064 0.011852502194907815 0.014047410008779631
0 0.5928446005267779 0.4510535557506585 0.009218612818261633 0.009218612818261633
0 0.5223880597014925 0.3825724319578578 0.00877963125548727 0.008340649692712906
0 0.5226075504828798 0.396180860403863 0.011852502194907815 0.01009657594381036
0 0.7730465320456541 0.672739244951712 0.010535557506584723 0.010974539069359086
0 0.6841527655838455 0.5142669007901668 0.010974539069359086 0.01009657594381036
0 0.2583406496927129 0.07791922739244951 0.009218612818261633 0.008340649692712906
0 0.7118086040386303 0.5390693590869183 0.01009657594381036 0.007901668129938543
0 0.612379280070237 0.3641352063213345 0.018437225636523266 0.017120280948200176
0 0.5998683055311677 0.6218173836698858 0.012730465320456541 0.01009657594381036
0 0.35491659350307286 0.18437225636523266 0.009218612818261633 0.00877963125548727
0 0.3740122914837577 0.21444249341527655 0.009657594381035996 0.008340649692712906
0 0.8307726075504829 0.6589113257243195 0.009218612818261633 0.010535557506584723
0 0.3114574187884109 0.1297190517998244 0.009218612818261633 0.009218612818261633
0 0.39113257243195787 0.7326602282704127 0.014047410008779631 0.010535557506584723
0 0.2704126426690079 0.10469710272168568 0.007901668129938543 0.009218612818261633
0 0.21005267778753292 0.029631255487269536 0.009218612818261633 0.009218612818261633
0 0.5263388937664618 0.36435469710272167 0.013169446883230905 0.009657594381035996
0 0.2021510096575944 0.031387181738366986 0.010974539069359086 0.008340649692712906
0 0.5276558384547849 0.37467076382791925 0.00877963125548727 0.008340649692712906
0 0.9273485513608428 0.9457857769973661 0.010974539069359086 0.017120280948200176
0 0.2377085162423178 0.058823529411764705 0.009218612818261633 0.009657594381035996
0 0.2952151009657594 0.12949956101843724 0.010974539069359086 0.009657594381035996
0 0.29631255487269537 0.11830553116769096 0.009657594381035996 0.008340649692712906
0 0.32045654082528535 0.15364354697102722 0.010535557506584723 0.007901668129938543
0 0.351404741000878 0.18898156277436348 0.007462686567164179 0.007462686567164179
0 0.3845478489903424 0.21707638279192273 0.010535557506584723 0.009218612818261633
0 0.4027655838454785 0.23507462686567165 0.01009657594381036 0.008340649692712906
0 0.4038630377524144 0.24714661984196665 0.007901668129938543 0.00877963125548727
0 0.4688323090430202 0.30816505706760317 0.007901668129938543 0.00877963125548727
0 0.44271290605794555 0.2919227392449517 0.009218612818261633 0.00877963125548727
0 0.5590430201931519 0.3944249341527656 0.011852502194907815 0.010974539069359086
0 0.5836259877085163 0.4216417910447761 0.009218612818261633 0.008340649692712906
0 0.4747585601404741 0.3211150131694469 0.009218612818261633 0.009218612818261633
0 0.6139157155399473 0.44644424934152765 0.01009657594381036 0.007901668129938543
0 0.32945566286215977 0.18107989464442492 0.012730465320456541 0.011852502194907815
0 0.5851624231782265 0.4302019315188762 0.010535557506584723 0.00877963125548727
0 0.6345478489903424 0.4703687445127305 0.009218612818261633 0.009218612818261633
0 0.6297190517998245 0.4699297629499561 0.009218612818261633 0.009218612818261633
0 0.6483757682177349 0.3904741000877963 0.012291483757682178 0.009218612818261633
0 0.690737489025461 0.4244951712028095 0.010974539069359086 0.007901668129938543
0 0.7605355575065847 0.4760755048287972 0.010974539069359086 0.006584723441615452
0 0.542361720807726 0.6865671641791045 0.010974539069359086 0.009657594381035996
0 0.553116769095698 0.6979806848112379 0.010535557506584723 0.007901668129938543
0 0.5605794556628622 0.7030289727831431 0.009657594381035996 0.009218612818261633
0 0.5684811237928007 0.7133450395083406 0.009657594381035996 0.00877963125548727
0 0.7640474100087796 0.8013608428446005 0.01009657594381036 0.008340649692712906
0 0.5680421422300264 0.8751097453906936 0.006145741878841089 0.008340649692712906
0 0.19995610184372256 0.9225197541703248 0.007462686567164179 0.01009657594381036
0 0.4198858647936787 0.8970588235294118 0.010974539069359086 0.005706760316066725
0 0.288630377524144 0.7802897278314311 0.015364354697102721 0.01009657594381036
0 0.21839332748024584 0.8215539947322212 0.012730465320456541 0.007462686567164179
0 0.3386742756804214 0.7515364354697103 0.011852502194907815 0.009657594381035996
0 0.5105355575065847 0.6720807726075505 0.013169446883230905 0.009657594381035996
0 0.4435908691834943 0.8518437225636524 0.011852502194907815 0.006584723441615452
0 0.40781387181738366 0.9209833187006146 0.01141352063213345 0.006145741878841089
0 0.4005706760316067 0.8601843722563652 0.011852502194907815 0.008340649692712906
0 0.41154521510096576 0.8211150131694469 0.010974539069359086 0.006584723441615452
0 0.34789288849868305 0.8083845478489904 0.010974539069359086 0.010974539069359086
0 0.3968393327480246 0.8691834942932397 0.01141352063213345 0.007023705004389816
0 0.5219490781387182 0.8928884986830553 0.007901668129938543 0.00877963125548727
0 0.5836259877085163 0.9203248463564531 0.005706760316066725 0.009218612818261633
0 0.2798507462686567 0.8639157155399473 0.010974539069359086 0.0052677787532923615
0 0.38037752414398596 0.8994732221246707 0.010974539069359086 0.006145741878841089
0 0.28467954345917473 0.8566725197541704 0.01009657594381036 0.006584723441615452
0 0.38652326602282705 0.888937664618086 0.011852502194907815 0.007023705004389816
0 0.26953467954345917 0.9521510096575944 0.006145741878841089 0.010535557506584723
0 0.34547848990342406 0.9201053555750659 0.00877963125548727 0.0052677787532923615
0 0.46005267778753295 0.9170324846356454 0.00877963125548727 0.00877963125548727
0 0.3463564530289728 0.9168129938542581 0.00877963125548727 0.006584723441615452
0 0.3737928007023705 0.8075065847234416 0.010974539069359086 0.010974539069359086
0 0.5006584723441615 0.8472344161545216 0.006584723441615452 0.009657594381035996
0 0.37423178226514486 0.8154082528533801 0.011852502194907815 0.007462686567164179
0 0.5880158033362599 0.9225197541703248 0.008340649692712906 0.009218612818261633
0 0.5568481123792801 0.8790605794556628 0.007462686567164179 0.01009657594381036
0 0.31782265144863914 0.6523266022827041 0.00877963125548727 0.00877963125548727
0 0.3867427568042142 0.8812554872695347 0.015803336259877086 0.009218612818261633
0 0.2636084284460053 0.9514925373134329 0.006584723441615452 0.010974539069359086
0 0.37335381913959614 0.8290166812993854 0.010974539069359086 0.006584723441615452
0 0.7058823529411765 0.8579894644424935 0.007901668129938543 0.01009657594381036
0 0.7576821773485514 0.2923617208077261 0.013169446883230905 0.007023705004389816
0 0.4229587357330992 0.8928884986830553 0.011852502194907815 0.007023705004389816
0 0.6716417910447762 0.8132133450395084 0.00877963125548727 0.008340649692712906
0 0.7510974539069359 0.3123353819139596 0.012291483757682178 0.006584723441615452
0 0.3287971905179982 0.792361720807726 0.013169446883230905 0.009657594381035996
0 0.3788410886742757 0.9034240561896401 0.012291483757682178 0.007023705004389816
0 0.4111062335381914 0.8173836698858647 0.010974539069359086 0.007023705004389816
0 0.5667251975417033 0.9479806848112379 0.006145741878841089 0.008340649692712906
0 0.31628621597892886 0.79828797190518 0.01009657594381036 0.008340649692712906
0 0.3522827041264267 0.805531167690957 0.010974539069359086 0.00877963125548727
0 0.5669446883230904 0.9174714661984197 0.006584723441615452 0.009657594381035996
0 0.40671641791044777 0.925153643546971 0.011852502194907815 0.005706760316066725
0 0.5623353819139596 0.7467076382791923 0.01141352063213345 0.007901668129938543
