0 0.20654082528533801 0.8812554872695347 0.008340649692712906 0.010974539069359086
0 0.23617208077260754 0.8472344161545216 0.009657594381035996 0.009657594381035996
0 0.15079016681299384 0.0028533801580333624 0.011852502194907815 0.01009657594381036
0 0.4317383669885865 0.29653204565408253 0.009218612818261633 0.008340649692712906
0 0.7449517120280948 0.7969710272168569 0.014047410008779631 0.008340649692712906
0 0.8241878841088675 0.8316505706760317 0.013608428446005268 0.010974539069359086
0 0.896180860403863 0.7928007023705005 0.007462686567164179 0.00877963125548727
0 0.8847673397717296 0.9334942932396839 0.006584723441615452 0.010974539069359086
0 0.9209833187006146 0.979367866549605 0.007023705004389816 0.013169446883230905
0 0.6780070237050044 0.4150570676031607 0.009218612818261633 0.008340649692712906
0 0.611062335381914 0.36808604038630377 0.01141352063213345 0.008340649692712906
0 0.934811237928007 0.4047410008779631 0.020632133450395083 0.016681299385425813
0 0.24209833187006147 0.05926251097453907 0.01624231782265145 0.016681299385425813
0 0.8022388059701493 0.62071992976295 0.009218612818261633 0.00877963125548727
0 0.8342844600526778 0.6617647058823529 0.009218612818261633 0.009218612818261633
0 0.18503072870939422 0.014047410008779631 0.008340649692712906 0.01141352063213345
0 0.2115891132572432 0.028094820017559263 0.012291483757682178 0.01141352063213345
0 0.22563652326602282 0.055970149253731345 0.009657594381035996 0.009218612818261633
0 0.29411764705882354 0.11457418788410886 0.010535557506584723 0.007901668129938543
0 0.3015803336259877 0.13366988586479367 0.00877963125548727 0.010974539069359086
0 0.3211150131694469 0.1538630377524144 0.01009657594381036 0.007462686567164179
0 0.3531606672519754 0.16681299385425813 0.008340649692712906 0.007901668129938543
0 0.3410886742756804 0.1766900790166813 0.00877963125548727 0.008340649692712906
0 0.38981562774363476 0.20368744512730466 0.009657594381035996 0.007901668129938543
0 0.4242756804214223 0.23595258999122037 0.009218612818261633 0.01009657594381036
0 0.4659789288849868 0.2701931518876207 0.01009657594381036 0.008340649692712906
0 0.5579455662862159 0.33099209833187004 0.009657594381035996 0.007023705004389816
0 0.7214661984196664 0.44929762949956104 0.009218612818261633 0.009218612818261633
0 0.4075943810359965 0.2416593503072871 0.007462686567164179 0.009218612818261633
0 0.5399473222124671 0.3854258121158911 0.00877963125548727 0.00877963125548727
0 0.5678226514486392 0.41066725197541704 0.010974539069359086 0.007462686567164179
0 0.5965759438103599 0.4376646180860404 0.009657594381035996 0.007023705004389816
0 0.9402985074626866 0.41395961369622475 0.014047410008779631 0.010535557506584723
0 0.6143546971027217 0.456540825285338 0.008340649692712906 0.007023705004389816
0 0.6975417032484635 0.5327041264266901 0.007901668129938543 0.007462686567164179
0 0.6213784021071115 0.45302897278314314 0.009218612818261633 0.007901668129938543
0 0.9181299385425812 0.786215978928885 0.008340649692712906 0.010535557506584723
0 0.6564969271290606 0.4863915715539947 0.01009657594381036 0.007901668129938543
0 0.9229587357330992 0.8762071992976295 0.007462686567164179 0.010535557506584723
0 0.711369622475856 0.5359964881474978 0.009218612818261633 0.007901668129938543
0 0.7284899034240562 0.5599209833187007 0.010974539069359086 0.008340649692712906
0 0.7576821773485514 0.5783582089552238 0.009657594381035996 0.008340649692712906
0 0.7629499561018437 0.5926251097453907 0.010535557506584723 0.007901668129938543
0 0.8024582967515365 0.6299385425812116 0.010535557506584723 0.007023705004389816
0 0.8307726075504829 0.6481562774363476 0.008340649692712906 0.009218612818261633
0 0.8485513608428445 0.6665935030728709 0.00877963125548727 0.009218612818261633
0 0.8630377524143986 0.6953467954345918 0.007901668129938543 0.010535557506584723
0 0.8981562774363476 0.7352941176470589 0.007023705004389816 0.00877963125548727
0 0.8874012291483757 0.7309043020193152 0.009218612818261633 0.00877963125548727
0 0.9284460052677788 0.8305531167690957 0.006145741878841089 0.009657594381035996
0 0.931079894644425 0.8555750658472344 0.006145741878841089 0.010535557506584723
0 0.9040825285338016 0.7653643546971027 0.009218612818261633 0.009218612818261633
0 0.9295434591747147 0.8830114135206322 0.006584723441615452 0.009218612818261633
0 0.9181299385425812 0.926251097453907 0.007462686567164179 0.00877963125548727
0 0.9280070237050044 0.9075943810359964 0.007023705004389816 0.01009657594381036
0 0.9727831431079894 0.3830114135206321 0.012291483757682178 0.008340649692712906
0 0.5392888498683055 0.6865671641791045 0.010974539069359086 0.009657594381035996
0 0.5500438981562774 0.6962247585601404 0.010535557506584723 0.007901668129938543
0 0.5583845478489904 0.7030289727831431 0.009657594381035996 0.009218612818261633
0 0.5667251975417033 0.7124670763827919 0.007901668129938543 0.007901668129938543
0 0.44073748902546095 0.7227831431079894 0.010535557506584723 0.007462686567164179
0 0.5649692712906058 0.8748902546093064 0.007023705004389816 0.009657594381035996
0 0.41812993854258124 0.8970588235294118 0.010974539069359086 0.005706760316066725
0 0.7776558384547849 0.5136084284460053 0.015364354697102721 0.010535557506584723
0 0.8215539947322212 0.48024582967515367 0.011852502194907815 0.009657594381035996
0 0.3542581211589113 0.9143985952589991 0.007901668129938543 0.00877963125548727
0 0.4051799824407375 0.9205443371378402 0.01141352063213345 0.006145741878841089
0 0.3979367866549605 0.8606233538191396 0.011852502194907815 0.008340649692712906
0 0.4080333625987709 0.8215539947322212 0.010974539069359086 0.006584723441615452
0 0.34306409130816506 0.8088235294117647 0.010974539069359086 0.010974539069359086
0 0.3942054433713784 0.869622475856014 0.01141352063213345 0.007023705004389816
0 0.5201931518876207 0.8926690079016681 0.009657594381035996 0.01009657594381036
0 0.5812115891132572 0.9207638279192274 0.00877963125548727 0.009218612818261633
0 0.27897278314310797 0.863476733977173 0.010974539069359086 0.0052677787532923615
0 0.37906057945566285 0.8999122036874452 0.010974539069359086 0.006145741878841089
0 0.2833625987708516 0.8568920105355575 0.01009657594381036 0.006145741878841089
0 0.38388937664618084 0.8884986830553117 0.011852502194907815 0.007023705004389816
0 0.266900790166813 0.9521510096575944 0.006145741878841089 0.010535557506584723
0 0.3419666374012291 0.9201053555750659 0.00877963125548727 0.0052677787532923615
0 0.4580772607550483 0.9170324846356454 0.008340649692712906 0.009657594381035996
0 0.3437225636523266 0.9163740122914837 0.00877963125548727 0.006584723441615452
0 0.37071992976294993 0.8075065847234416 0.010974539069359086 0.010974539069359086
0 0.4986830553116769 0.847892888498683 0.007023705004389816 0.010974539069359086
0 0.3715978928884987 0.8154082528533801 0.011852502194907815 0.007462686567164179
0 0.5847234416154522 0.9233977172958736 0.010535557506584723 0.008340649692712906
0 0.5533362598770851 0.880377524143986 0.007462686567164179 0.01009657594381036
0 0.3165057067603161 0.6523266022827041 0.00877963125548727 0.00877963125548727
0 0.3858647936786655 0.8816944688323091 0.015803336259877086 0.009218612818261633
0 0.2618525021949078 0.9519315188762072 0.006584723441615452 0.010974539069359086
0 0.37071992976294993 0.8298946444249341 0.010974539069359086 0.006584723441615452
0 0.7036874451273046 0.8584284460052678 0.007901668129938543 0.01009657594381036
0 0.7546093064091308 0.2923617208077261 0.013169446883230905 0.007023705004389816
0 0.420324846356453 0.8933274802458296 0.011852502194907815 0.007023705004389816
0 0.66900790166813 0.814091308165057 0.00877963125548727 0.008340649692712906
0 0.7480245829675154 0.3123353819139596 0.012291483757682178 0.006584723441615452
0 0.32660228270412645 0.7928007023705005 0.012291483757682178 0.009657594381035996
0 0.3762071992976295 0.9043020193151887 0.012291483757682178 0.007023705004389816
0 0.4084723441615452 0.8178226514486392 0.010974539069359086 0.007023705004389816
0 0.5638718173836699 0.9482001755926251 0.008340649692712906 0.009657594381035996
0 0.312774363476734 0.7985074626865671 0.01009657594381036 0.007023705004389816
0 0.3509657594381036 0.8050921861281826 0.010974539069359086 0.00877963125548727
0 0.565188762071993 0.9174714661984197 0.007462686567164179 0.009657594381035996
0 0.3281387181738367 0.1551799824407375 0.01009657594381036 0.008340649692712906
0 0.40408252853380155 0.9247146619841967 0.011852502194907815 0.005706760316066725
0 0.5610184372256365 0.7467076382791923 0.01141352063213345 0.007901668129938543
