0 0.34899034240561894 0.7583406496927129 0.01141352063213345 0.008340649692712906
0 0.1935908691834943 0.9284460052677788 0.014047410008779631 0.014047410008779631
0 0.4659789288849868 0.3222124670763828 0.01009657594381036 0.007023705004389816
0 0.40913081650570676 0.2684372256365233 0.00877963125548727 0.008340649692712906
0 0.4291044776119403 0.29872695346795436 0.011852502194907815 0.01009657594381036
0 0.7339771729587358 0.5959174714661984 0.010535557506584723 0.010974539069359086
0 0.7936786654960492 0.6139157155399473 0.014925373134328358 0.011852502194907815
0 0.3505267778753292 0.1648375768217735 0.009218612818261633 0.008340649692712906
0 0.818920105355575 0.6363037752414399 0.009218612818261633 0.01009657594381036
0 0.27611940298507465 0.09152765583845479 0.01141352063213345 0.008340649692712906
0 0.6916154521510096 0.42471466198419666 0.02151009657594381 0.014486391571553995
0 0.7280509218612818 0.5449956101843723 0.010974539069359086 0.008340649692712906
0 0.4532484635645303 0.2901668129938543 0.009218612818261633 0.00877963125548727
0 0.47146619841966636 0.31584723441615453 0.009657594381035996 0.008340649692712906
0 0.910667251975417 0.7835820895522388 0.007462686567164179 0.010535557506584723
0 0.18459174714661986 0.005487269534679543 0.01009657594381036 0.008340649692712906
0 0.2368305531167691 0.05443371378402107 0.010974539069359086 0.00877963125548727
0 0.4018876207199298 0.2153204565408253 0.009218612818261633 0.009218612818261633
0 0.1957857769973661 0.026777875329236173 0.00877963125548727 0.00877963125548727
0 0.218612818261633 0.04982440737489025 0.00877963125548727 0.009218612818261633
0 0.254828797190518 0.08647936786654961 0.01009657594381036 0.007023705004389816
0 0.5223880597014925 0.6650570676031606 0.014047410008779631 0.010535557506584723
0 0.2688762071992976 0.10250219490781387 0.008340649692712906 0.01009657594381036
0 0.3630377524143986 0.20127304653204564 0.007901668129938543 0.009218612818261633
0 0.28994732221246705 0.11391571553994732 0.009218612818261633 0.009218612818261633
0 0.6290605794556628 0.461369622475856 0.013169446883230905 0.009657594381035996
0 0.3013608428446005 0.1332309043020193 0.009218612818261633 0.008340649692712906
0 0.6532045654082529 0.49319578577699735 0.00877963125548727 0.008340649692712906
0 0.33516242317822653 0.1611062335381914 0.009218612818261633 0.009657594381035996
0 0.38520632133450394 0.22519754170324846 0.010974539069359086 0.009657594381035996
0 0.3981562774363477 0.22541703248463565 0.009657594381035996 0.008340649692712906
0 0.41264266900790164 0.2532923617208077 0.010535557506584723 0.007901668129938543
0 0.4449078138718174 0.29258121158911327 0.009218612818261633 0.010974539069359086
0 0.48024582967515367 0.31716417910447764 0.010535557506584723 0.009218612818261633
0 0.5006584723441615 0.3377963125548727 0.01009657594381036 0.008340649692712906
0 0.5070237050043899 0.353819139596137 0.007901668129938543 0.00877963125548727
0 0.5790166812993854 0.41483757682177347 0.007901668129938543 0.00877963125548727
0 0.5542142230026339 0.40122914837576823 0.009218612818261633 0.00877963125548727
0 0.6637401229148375 0.495171202809482 0.009657594381035996 0.01141352063213345
0 0.6946883230904302 0.5248024582967515 0.009218612818261633 0.008340649692712906
0 0.5840649692712906 0.43129938542581214 0.009218612818261633 0.009218612818261633
0 0.7227831431079894 0.5517998244073749 0.01009657594381036 0.007901668129938543
0 0.2080772607550483 0.053994732221246705 0.014047410008779631 0.009657594381035996
0 0.7043459174714662 0.5421422300263389 0.007462686567164179 0.00877963125548727
0 0.7416593503072871 0.5704565408252853 0.009218612818261633 0.009218612818261633
0 0.7671202809482002 0.5985513608428445 0.009218612818261633 0.009218612818261633
0 0.7273924495171202 0.45544337137840213 0.012291483757682178 0.009218612818261633
0 0.7583406496927129 0.4745390693590869 0.010974539069359086 0.007901668129938543
0 0.8204565408252853 0.47519754170324846 0.010535557506584723 0.006584723441615452
0 0.5414837576821774 0.6865671641791045 0.010974539069359086 0.009657594381035996
0 0.5526777875329236 0.6975417032484635 0.010535557506584723 0.007901668129938543
0 0.5597014925373134 0.7034679543459175 0.009657594381035996 0.009218612818261633
0 0.567603160667252 0.713784021071115 0.009657594381035996 0.00877963125548727
0 0.6494732221246707 0.7811676909569798 0.01009657594381036 0.008340649692712906
0 0.567603160667252 0.875548726953468 0.006145741878841089 0.008340649692712906
0 0.17164179104477612 0.9716856892010536 0.009657594381035996 0.009218612818261633
0 0.4194468832309043 0.8974978050921861 0.010974539069359086 0.005706760316066725
0 0.4084723441615452 0.7247585601404741 0.015364354697102721 0.00877963125548727
0 0.10601404741000878 0.8641352063213346 0.012730465320456541 0.009218612818261633
0 0.4615891132572432 0.6918349429323969 0.011852502194907815 0.009657594381035996
0 0.641352063213345 0.5970149253731343 0.014925373134328358 0.009657594381035996
0 0.4244951712028095 0.8525021949078139 0.007901668129938543 0.00877963125548727
0 0.4073748902546093 0.9214223002633889 0.01141352063213345 0.006145741878841089
0 0.39969271290605796 0.8606233538191396 0.011852502194907815 0.008340649692712906
0 0.41066725197541704 0.8215539947322212 0.010974539069359086 0.006584723441615452
0 0.34701492537313433 0.8097014925373134 0.010974539069359086 0.010974539069359086
0 0.39596136962247586 0.869622475856014 0.01141352063213345 0.007023705004389816
0 0.5215100965759438 0.8933274802458296 0.007901668129938543 0.00877963125548727
0 0.5831870061457419 0.9207638279192274 0.005706760316066725 0.009218612818261633
0 0.27941176470588236 0.8643546971027217 0.010974539069359086 0.0052677787532923615
0 0.37993854258121157 0.8999122036874452 0.010974539069359086 0.006145741878841089
0 0.28424056189640035 0.8571115013169447 0.01009657594381036 0.006584723441615452
0 0.38608428446005266 0.8893766461808604 0.011852502194907815 0.007023705004389816
0 0.26909569798068483 0.9525899912203687 0.006145741878841089 0.010535557506584723
0 0.34460052677787534 0.9209833187006146 0.00877963125548727 0.0052677787532923615
0 0.4593942054433714 0.9176909569798068 0.007462686567164179 0.009218612818261633
0 0.34503950834064967 0.9168129938542581 0.00877963125548727 0.006584723441615452
0 0.37291483757682176 0.8083845478489904 0.010974539069359086 0.010974539069359086
0 0.5006584723441615 0.8472344161545216 0.006584723441615452 0.009657594381035996
0 0.3737928007023705 0.8162862159789289 0.011852502194907815 0.007462686567164179
0 0.5880158033362599 0.9229587357330992 0.008340649692712906 0.009218612818261633
0 0.5564091308165057 0.8799385425812116 0.007462686567164179 0.01009657594381036
0 0.31782265144863914 0.6532045654082529 0.00877963125548727 0.00877963125548727
0 0.3863037752414399 0.8816944688323091 0.015803336259877086 0.009218612818261633
0 0.2631694468832309 0.9523705004389815 0.006584723441615452 0.010974539069359086
0 0.3724758560140474 0.8298946444249341 0.010974539069359086 0.006584723441615452
0 0.7050043898156277 0.8579894644424935 0.007901668129938543 0.01009657594381036
0 0.757243195785777 0.2932396839332748 0.013169446883230905 0.007023705004389816
0 0.4220807726075505 0.8933274802458296 0.011852502194907815 0.007023705004389816
0 0.6707638279192274 0.814091308165057 0.00877963125548727 0.008340649692712906
0 0.7502194907813872 0.3123353819139596 0.012291483757682178 0.006584723441615452
0 0.3283582089552239 0.7928007023705005 0.013169446883230905 0.009657594381035996
0 0.37796312554872696 0.9038630377524144 0.012291483757682178 0.007023705004389816
0 0.41066725197541704 0.8178226514486392 0.010974539069359086 0.007023705004389816
0 0.5662862159789289 0.9488586479367866 0.006145741878841089 0.008340649692712906
0 0.31540825285338014 0.7987269534679543 0.01009657594381036 0.008340649692712906
0 0.3518437225636523 0.8059701492537313 0.010974539069359086 0.00877963125548727
0 0.5669446883230904 0.9174714661984197 0.006584723441615452 0.009657594381035996
0 0.4062774363476734 0.9255926251097454 0.011852502194907815 0.005706760316066725
0 0.5632133450395084 0.7471466198419666 0.01141352063213345 0.007901668129938543
