0 0.17581211589113258 0.9431518876207199 0.01009657594381036 0.010974539069359086
0 0.2513169446883231 0.8191395961369623 0.008340649692712906 0.009657594381035996
0 0.20171202809482003 0.04521510096575944 0.01009657594381036 0.007023705004389816
0 0.1984196663740123 0.0528972783143108 0.00877963125548727 0.008340649692712906
0 0.2341966637401229 0.08757682177348551 0.011852502194907815 0.01009657594381036
0 0.536215978928885 0.40320456540825284 0.009218612818261633 0.008340649692712906
0 0.8608428446005267 0.865891132572432 0.012291483757682178 0.010974539069359086
0 0.8805970149253731 0.9286654960491659 0.009657594381035996 0.011852502194907815
0 0.905838454784899 0.9490781387181738 0.007462686567164179 0.00877963125548727
0 0.929982440737489 0.8557945566286216 0.007462686567164179 0.011852502194907815
0 0.5787971905179983 0.3448200175592625 0.009218612818261633 0.008340649692712906
0 0.929982440737489 0.8942054433713784 0.007462686567164179 0.00877963125548727
0 0.4890254609306409 0.28511852502194907 0.01141352063213345 0.008340649692712906
0 0.8426251097453907 0.4604916593503073 0.020632133450395083 0.016681299385425813
0 0.9953906935908692 0.3788410886742757 0.010974539069359086 0.007901668129938543
0 0.6916154521510096 0.5184372256365233 0.009218612818261633 0.00877963125548727
0 0.7265144863915716 0.5612379280070237 0.009657594381035996 0.008340649692712906
0 0.19139596136962247 0.006584723441615452 0.010535557506584723 0.007901668129938543
0 0.1971027216856892 0.0252414398595259 0.00877963125548727 0.010974539069359086
0 0.21707638279192273 0.04455662862159789 0.01009657594381036 0.007462686567164179
0 0.26141352063213347 0.07989464442493416 0.008340649692712906 0.007901668129938543
0 0.23617208077260754 0.06738366988586479 0.00877963125548727 0.008340649692712906
0 0.30816505706760317 0.1237928007023705 0.009657594381035996 0.007901668129938543
0 0.33691834942932397 0.14991220368744512 0.01009657594381036 0.01009657594381036
0 0.37291483757682176 0.18546971027216858 0.01009657594381036 0.008340649692712906
0 0.45368744512730463 0.2598770851624232 0.010974539069359086 0.00877963125548727
0 0.6411325724319579 0.3847673397717296 0.009218612818261633 0.009218612818261633
0 0.29784899034240564 0.12928007023705004 0.007462686567164179 0.009218612818261633
0 0.4240561896400351 0.2677787532923617 0.00877963125548727 0.00877963125548727
0 0.4503950834064969 0.29609306409130814 0.00877963125548727 0.009218612818261633
0 0.4839771729587357 0.32616330114135206 0.01009657594381036 0.007023705004389816
0 0.8121158911325724 0.4934152765583846 0.014047410008779631 0.010535557506584723
0 0.49802458296751534 0.3456979806848112 0.008340649692712906 0.01009657594381036
0 0.586918349429324 0.42998244073748904 0.007901668129938543 0.009218612818261633
0 0.5032923617208077 0.3391132572431958 0.009218612818261633 0.009218612818261633
0 0.8542581211589113 0.6742756804214223 0.010535557506584723 0.009657594381035996
0 0.5366549604916594 0.3759877085162423 0.009218612818261633 0.008340649692712906
0 0.896180860403863 0.7460491659350307 0.008340649692712906 0.009218612818261633
0 0.5884547848990342 0.42098331870061456 0.009218612818261633 0.009657594381035996
0 0.6121597892888498 0.45258999122036875 0.010974539069359086 0.009657594381035996
0 0.6474978050921861 0.473441615452151 0.009657594381035996 0.008340649692712906
0 0.6488147497805092 0.48375768217734855 0.010535557506584723 0.007901668129938543
0 0.6887620719929763 0.52414398595259 0.010535557506584723 0.007023705004389816
0 0.7208077260755048 0.547190517998244 0.010535557506584723 0.009218612818261633
0 0.7416593503072871 0.5665057067603161 0.01009657594381036 0.008340649692712906
0 0.7629499561018437 0.5948200175592625 0.007901668129938543 0.00877963125548727
0 0.8138718173836699 0.6325724319578577 0.007901668129938543 0.00877963125548727
0 0.7960930640913082 0.6264266900790166 0.009218612818261633 0.00877963125548727
0 0.8878402107111502 0.7164179104477612 0.009218612818261633 0.00877963125548727
0 0.9018876207199298 0.7434152765583846 0.007462686567164179 0.008340649692712906
0 0.8215539947322212 0.6481562774363476 0.009218612818261633 0.009218612818261633
0 0.9119841966637401 0.7671202809482002 0.008340649692712906 0.009218612818261633
0 0.9119841966637401 0.7897278314310799 0.007462686567164179 0.00877963125548727
0 0.9196663740122915 0.788630377524144 0.007023705004389816 0.009218612818261633
0 0.9216417910447762 0.9084723441615452 0.008340649692712906 0.009218612818261633
0 0.8726953467954346 0.4429323968393327 0.012291483757682178 0.010535557506584723
0 0.9317383669885865 0.40693590869183494 0.010974539069359086 0.007901668129938543
0 0.5392888498683055 0.6865671641791045 0.010974539069359086 0.009657594381035996
0 0.5509218612818262 0.6971027216856892 0.010535557506584723 0.007901668129938543
0 0.5583845478489904 0.7034679543459175 0.009657594381035996 0.009218612818261633
0 0.5667251975417033 0.7129060579455663 0.00877963125548727 0.00877963125548727
0 0.5043898156277437 0.6999561018437226 0.010535557506584723 0.007462686567164179
0 0.5658472344161545 0.875548726953468 0.006145741878841089 0.008340649692712906
0 0.41856892010535557 0.8974978050921861 0.010974539069359086 0.005706760316066725
0 0.6687884108867428 0.5794556628621598 0.015364354697102721 0.010535557506584723
0 0.711369622475856 0.5447761194029851 0.011852502194907815 0.009657594381035996
0 0.9051799824407375 0.4363476733977173 0.014925373134328358 0.009657594381035996
0 0.36830553116769094 0.8871817383669885 0.007901668129938543 0.00877963125548727
0 0.4051799824407375 0.9214223002633889 0.01141352063213345 0.006145741878841089
0 0.39749780509218613 0.8606233538191396 0.011852502194907815 0.008340649692712906
0 0.4084723441615452 0.8215539947322212 0.010974539069359086 0.006584723441615452
0 0.34438103599648817 0.809262510974539 0.010974539069359086 0.010974539069359086
0 0.39376646180860403 0.8700614574187884 0.01141352063213345 0.007023705004389816
0 0.5193151887620719 0.8933274802458296 0.007901668129938543 0.00877963125548727
0 0.5814310798946444 0.9212028094820017 0.005706760316066725 0.009218612818261633
0 0.27941176470588236 0.863476733977173 0.010974539069359086 0.0052677787532923615
0 0.3786215978928885 0.9003511852502195 0.010974539069359086 0.006145741878841089
0 0.283801580333626 0.8566725197541704 0.01009657594381036 0.006584723441615452
0 0.38388937664618084 0.8893766461808604 0.011852502194907815 0.007023705004389816
0 0.266900790166813 0.9525899912203687 0.006145741878841089 0.010535557506584723
0 0.3419666374012291 0.9205443371378402 0.00877963125548727 0.0052677787532923615
0 0.4576382791922739 0.9181299385425812 0.007462686567164179 0.009218612818261633
0 0.3437225636523266 0.9168129938542581 0.00877963125548727 0.006584723441615452
0 0.3702809482001756 0.8083845478489904 0.010974539069359086 0.010974539069359086
0 0.4989025460930641 0.8476733977172959 0.006584723441615452 0.009657594381035996
0 0.3715978928884987 0.8158472344161545 0.011852502194907815 0.007462686567164179
0 0.585820895522388 0.9233977172958736 0.008340649692712906 0.009218612818261633
0 0.5546532045654082 0.880377524143986 0.007462686567164179 0.01009657594381036
0 0.3169446883230904 0.6514486391571555 0.00877963125548727 0.00877963125548727
0 0.3854258121158911 0.8821334503950834 0.015803336259877086 0.009218612818261633
0 0.2618525021949078 0.952809482001756 0.006584723441615452 0.010974539069359086
0 0.37071992976294993 0.8294556628621598 0.010974539069359086 0.006584723441615452
0 0.7032484635645303 0.8584284460052678 0.007901668129938543 0.01009657594381036
0 0.7546093064091308 0.2932396839332748 0.013169446883230905 0.007023705004389816
0 0.4207638279192274 0.8933274802458296 0.011852502194907815 0.007023705004389816
0 0.66900790166813 0.8145302897278315 0.00877963125548727 0.008340649692712906
0 0.7484635645302897 0.31189640035118527 0.012291483757682178 0.006584723441615452
0 0.3270412642669008 0.7928007023705005 0.013169446883230905 0.009657594381035996
0 0.3762071992976295 0.9047410008779632 0.012291483757682178 0.007023705004389816
0 0.4084723441615452 0.8178226514486392 0.010974539069359086 0.007023705004389816
0 0.564091308165057 0.9479806848112379 0.006145741878841089 0.008340649692712906
0 0.3132133450395083 0.7978489903424056 0.01009657594381036 0.008340649692712906
0 0.3509657594381036 0.805531167690957 0.010974539069359086 0.00877963125548727
0 0.5656277436347673 0.9170324846356454 0.006584723441615452 0.009657594381035996
0 0.22322212467076383 0.041483757682177345 0.01009657594381036 0.008340649692712906
0 0.40408252853380155 0.9255926251097454 0.011852502194907815 0.005706760316066725
0 0.5610184372256365 0.7471466198419666 0.01141352063213345 0.007901668129938543
