0 0.3849868305531168 0.7434152765583846 0.01141352063213345 0.008340649692712906
0 0.20456540825285338 0.9078138718173837 0.014047410008779631 0.014047410008779631
0 0.5155838454784899 0.37532923617208075 0.01009657594381036 0.007023705004389816
0 0.45171202809482003 0.312774363476734 0.00877963125548727 0.008340649692712906
0 0.46773485513608426 0.33691834942932397 0.011852502194907815 0.01009657594381036
0 0.7528533801580334 0.6253292361720808 0.010535557506584723 0.010974539069359086
0 0.7495610184372257 0.5741878841088675 0.012730465320456541 0.009657594381035996
0 0.312774363476734 0.12884108867427568 0.009218612818261633 0.008340649692712906
0 0.7780948200175593 0.5976733977172959 0.009218612818261633 0.01009657594381036
0 0.23573309920983318 0.053775241439859525 0.01141352063213345 0.008340649692712906
0 0.6619841966637401 0.40100965759438106 0.018437225636523266 0.017120280948200176
0 0.676251097453907 0.5770412642669008 0.012730465320456541 0.01009657594381036
0 0.4124231782265145 0.24714661984196665 0.009218612818261633 0.00877963125548727
0 0.4302019315188762 0.2763388937664618 0.009657594381035996 0.008340649692712906
0 0.886523266022827 0.7313432835820896 0.007462686567164179 0.010535557506584723
0 0.1960052677787533 0.011852502194907815 0.010974539069359086 0.00877963125548727
0 0.3650131694468832 0.1802019315188762 0.009218612818261633 0.009218612818261633
0 0.1769095697980685 0.00504828797190518 0.00877963125548727 0.009218612818261633
0 0.21290605794556627 0.04192273924495171 0.01141352063213345 0.01009657594381036
0 0.47102721685689203 0.6931518876207199 0.014047410008779631 0.010535557506584723
0 0.22629499561018437 0.05816505706760316 0.008340649692712906 0.01009657594381036
0 0.32396839332748023 0.1608867427568042 0.007901668129938543 0.009218612818261633
0 0.2574626865671642 0.0805531167690957 0.009218612818261633 0.009218612818261633
0 0.5864793678665496 0.42230026338893767 0.013169446883230905 0.009657594381035996
0 0.26141352063213347 0.09196663740122915 0.009218612818261633 0.008340649692712906
0 0.6005267778753293 0.444468832309043 0.00877963125548727 0.008340649692712906
0 0.2938981562774364 0.11852502194907814 0.009218612818261633 0.009657594381035996
0 0.3505267778753292 0.18568920105355574 0.010974539069359086 0.009657594381035996
0 0.3555750658472344 0.18064091308165056 0.009657594381035996 0.008340649692712906
0 0.37532923617208075 0.21202809482001755 0.010535557506584723 0.007901668129938543
0 0.4071553994732221 0.2508779631255487 0.007462686567164179 0.007462686567164179
0 0.43942054433713784 0.27677787532923614 0.010535557506584723 0.009218612818261633
0 0.4598331870061457 0.29653204565408253 0.01009657594381036 0.008340649692712906
0 0.4618086040386304 0.30816505706760317 0.007901668129938543 0.00877963125548727
0 0.5346795434591747 0.3722563652326602 0.007901668129938543 0.00877963125548727
0 0.5081211589113257 0.35864793678665496 0.009218612818261633 0.00877963125548727
0 0.6224758560140474 0.4556628621597893 0.009657594381035996 0.01141352063213345
0 0.6490342405618964 0.4835381913959614 0.009218612818261633 0.008340649692712906
0 0.5419227392449517 0.38652326602282705 0.009218612818261633 0.009218612818261633
0 0.6788849868305531 0.5105355575065847 0.01009657594381036 0.007901668129938543
0 0.25790166812993853 0.10557506584723442 0.012730465320456541 0.011852502194907815
0 0.6580333625987709 0.4978050921861282 0.010535557506584723 0.00877963125548727
0 0.6999561018437226 0.5300702370500439 0.009218612818261633 0.009218612818261633
0 0.7118086040386303 0.5480684811237928 0.009218612818261633 0.009218612818261633
0 0.6979806848112379 0.4317383669885865 0.012291483757682178 0.009218612818261633
0 0.7333187006145742 0.4578577699736611 0.010974539069359086 0.007901668129938543
0 0.7949956101843723 0.4835381913959614 0.010535557506584723 0.006584723441615452
0 0.5410447761194029 0.6861281826163301 0.010974539069359086 0.009657594381035996
0 0.5535557506584723 0.6971027216856892 0.010535557506584723 0.007901668129938543
0 0.5605794556628622 0.7025899912203687 0.009657594381035996 0.009218612818261633
0 0.5684811237928007 0.713784021071115 0.009657594381035996 0.00877963125548727
0 0.6942493415276558 0.788630377524144 0.01009657594381036 0.008340649692712906
0 0.5680421422300264 0.875548726953468 0.006145741878841089 0.008340649692712906
0 0.18437225636523266 0.9506145741878841 0.009657594381035996 0.009218612818261633
0 0.4198858647936787 0.8970588235294118 0.010974539069359086 0.005706760316066725
0 0.36062335381913957 0.7484635645302897 0.015364354697102721 0.00877963125548727
0 0.15079016681299384 0.8474539069359087 0.012730465320456541 0.009218612818261633
0 0.41198419666374014 0.7164179104477612 0.011852502194907815 0.009657594381035996
0 0.5908691834942933 0.6273046532045654 0.014925373134328358 0.009657594381035996
0 0.43459174714661986 0.8529411764705882 0.007901668129938543 0.00877963125548727
0 0.40781387181738366 0.9214223002633889 0.01141352063213345 0.006145741878841089
0 0.4001316944688323 0.8601843722563652 0.011852502194907815 0.008340649692712906
0 0.4111062335381914 0.8211150131694469 0.010974539069359086 0.006584723441615452
0 0.34789288849868305 0.8088235294117647 0.010974539069359086 0.010974539069359086
0 0.39640035118525024 0.869622475856014 0.01141352063213345 0.007023705004389816
0 0.5219490781387182 0.8928884986830553 0.007901668129938543 0.00877963125548727
0 0.5836259877085163 0.9207638279192274 0.005706760316066725 0.009218612818261633
0 0.2798507462686567 0.8643546971027217 0.010974539069359086 0.0052677787532923615
0 0.3808165057067603 0.8994732221246707 0.010974539069359086 0.006145741878841089
0 0.28511852502194907 0.8566725197541704 0.01009657594381036 0.006584723441615452
0 0.3869622475856014 0.888937664618086 0.011852502194907815 0.007023705004389816
0 0.26953467954345917 0.9521510096575944 0.006145741878841089 0.010535557506584723
0 0.34503950834064967 0.9205443371378402 0.00877963125548727 0.0052677787532923615
0 0.4598331870061457 0.9172519754170325 0.007462686567164179 0.009218612818261633
0 0.34547848990342406 0.9163740122914837 0.00877963125548727 0.006584723441615452
0 0.3737928007023705 0.8079455662862159 0.010974539069359086 0.010974539069359086
0 0.5010974539069359 0.8467954345917471 0.006584723441615452 0.009657594381035996
0 0.37423178226514486 0.8158472344161545 0.011852502194907815 0.007462686567164179
0 0.5884547848990342 0.9229587357330992 0.008340649692712906 0.009218612818261633
0 0.5572870939420544 0.8794995610184372 0.007462686567164179 0.01009657594381036
0 0.31870061457418786 0.6523266022827041 0.00877963125548727 0.00877963125548727
0 0.3871817383669886 0.8812554872695347 0.015803336259877086 0.009218612818261633
0 0.2636084284460053 0.9514925373134329 0.006584723441615452 0.010974539069359086
0 0.37291483757682176 0.8290166812993854 0.010974539069359086 0.006584723441615452
0 0.7054433713784021 0.8579894644424935 0.007901668129938543 0.01009657594381036
0 0.7576821773485514 0.2923617208077261 0.013169446883230905 0.007023705004389816
0 0.4229587357330992 0.8928884986830553 0.011852502194907815 0.007023705004389816
0 0.6716417910447762 0.8136523266022827 0.00877963125548727 0.008340649692712906
0 0.7510974539069359 0.31189640035118527 0.012291483757682178 0.006584723441615452
0 0.3292361720807726 0.792361720807726 0.013169446883230905 0.009657594381035996
0 0.3788410886742757 0.9034240561896401 0.012291483757682178 0.007023705004389816
0 0.4111062335381914 0.8178226514486392 0.010974539069359086 0.007023705004389816
0 0.5667251975417033 0.9479806848112379 0.006145741878841089 0.008340649692712906
0 0.31584723441615453 0.79828797190518 0.01009657594381036 0.008340649692712906
0 0.3522827041264267 0.805531167690957 0.010974539069359086 0.00877963125548727
0 0.5669446883230904 0.9174714661984197 0.006584723441615452 0.009657594381035996
0 0.40671641791044777 0.9255926251097454 0.011852502194907815 0.005706760316066725
0 0.5623353819139596 0.7467076382791923 0.01141352063213345 0.007901668129938543
