0 0.16000877963125548 0.9716856892010536 0.01009657594381036 0.010974539069359086
0 0.25307287093942055 0.8129938542581212 0.01009657594381036 0.009657594381035996
0 0.27941176470588236 0.12159789288849868 0.01009657594381036 0.007023705004389816
0 0.24802458296751537 0.1033801580333626 0.00877963125548727 0.008340649692712906
0 0.28467954345917473 0.1420105355575066 0.011852502194907815 0.01009657594381036
0 0.5994293239683933 0.4651009657594381 0.009218612818261633 0.008340649692712906
0 0.882791922739245 0.9381035996488147 0.00877963125548727 0.012291483757682178
0 0.9181299385425812 0.7831431079894644 0.009218612818261633 0.013169446883230905
0 0.5116330114135206 0.3017998244073749 0.009218612818261633 0.008340649692712906
0 0.9260316066725197 0.8169446883230904 0.007462686567164179 0.00877963125548727
0 0.4231782265144864 0.2320017559262511 0.01141352063213345 0.008340649692712906
0 0.8009218612818262 0.4793678665496049 0.020632133450395083 0.016681299385425813
0 0.925153643546971 0.42383669885864794 0.010974539069359086 0.008340649692712906
0 0.624451273046532 0.4556628621597893 0.009218612818261633 0.00877963125548727
0 0.6567164179104478 0.4962686567164179 0.009657594381035996 0.008340649692712906
0 0.20522388059701493 0.023266022827041263 0.008340649692712906 0.007901668129938543
0 0.17339771729587358 0.001975417032484636 0.00877963125548727 0.008340649692712906
0 0.26119402985074625 0.07726075504828797 0.009657594381035996 0.007901668129938543
0 0.28994732221246705 0.10381913959613696 0.01009657594381036 0.01009657594381036
0 0.31760316066725197 0.13454784899034242 0.01009657594381036 0.008340649692712906
0 0.3953028972783143 0.20719929762949957 0.010974539069359086 0.00877963125548727
0 0.5770412642669008 0.3426251097453907 0.009218612818261633 0.009218612818261633
0 0.233099209833187 0.06431079894644424 0.00877963125548727 0.009218612818261633
0 0.3604038630377524 0.19798068481123793 0.00877963125548727 0.00877963125548727
0 0.38849868305531166 0.2280509218612818 0.00877963125548727 0.009218612818261633
0 0.41812993854258124 0.2589991220368745 0.01009657594381036 0.007023705004389816
0 0.7313432835820896 0.5421422300263389 0.014047410008779631 0.010535557506584723
0 0.43129938542581214 0.2758999122036874 0.008340649692712906 0.01009657594381036
0 0.520632133450395 0.36720807726075505 0.007901668129938543 0.009218612818261633
0 0.4352502194907814 0.2715100965759438 0.009218612818261633 0.009218612818261633
0 0.7949956101843723 0.6150131694468832 0.013169446883230905 0.009657594381035996
0 0.4651009657594381 0.3066286215978929 0.009218612818261633 0.008340649692712906
0 0.8476733977172959 0.6758121158911325 0.00877963125548727 0.008340649692712906
0 0.5142669007901668 0.3498683055311677 0.009218612818261633 0.009657594381035996
0 0.5467515364354697 0.38893766461808604 0.010974539069359086 0.009657594381035996
0 0.5803336259877085 0.4097892888498683 0.009657594381035996 0.008340649692712906
0 0.5798946444249341 0.4183494293239684 0.010535557506584723 0.007901668129938543
0 0.62071992976295 0.46005267778753295 0.010535557506584723 0.007023705004389816
0 0.654521510096576 0.4839771729587357 0.010535557506584723 0.009218612818261633
0 0.6753731343283582 0.5046093064091308 0.01009657594381036 0.008340649692712906
0 0.6975417032484635 0.5351185250219491 0.007901668129938543 0.00877963125548727
0 0.7510974539069359 0.5741878841088675 0.007901668129938543 0.00877963125548727
0 0.732001755926251 0.5680421422300264 0.009218612818261633 0.00877963125548727
0 0.8364793678665496 0.6532045654082529 0.009218612818261633 0.00877963125548727
0 0.8632572431957858 0.6815188762071993 0.007462686567164179 0.008340649692712906
0 0.7557067603160668 0.589332748024583 0.009218612818261633 0.009218612818261633
0 0.8781826163301142 0.7039069359086918 0.008340649692712906 0.009218612818261633
0 0.8777436347673397 0.7155399473222125 0.007462686567164179 0.00877963125548727
0 0.8904741000877963 0.7232221246707639 0.007462686567164179 0.009218612818261633
0 0.9207638279192274 0.8145302897278315 0.008340649692712906 0.009218612818261633
0 0.8283582089552238 0.4697102721685689 0.012291483757682178 0.010535557506584723
0 0.875548726953468 0.43942054433713784 0.010974539069359086 0.007901668129938543
0 0.9446883230904302 0.40210711150131695 0.010535557506584723 0.00877963125548727
0 0.5406057945566286 0.6865671641791045 0.010974539069359086 0.009657594381035996
0 0.5509218612818262 0.6979806848112379 0.010535557506584723 0.007901668129938543
0 0.559262510974539 0.7025899912203687 0.009657594381035996 0.009218612818261633
0 0.567603160667252 0.7124670763827919 0.00877963125548727 0.00877963125548727
0 0.538630377524144 0.7056628621597892 0.010535557506584723 0.007462686567164179
0 0.5667251975417033 0.8746707638279192 0.006145741878841089 0.008340649692712906
0 0.4194468832309043 0.8970588235294118 0.010974539069359086 0.005706760316066725
0 0.6025021949078139 0.6202809482001755 0.015364354697102721 0.010535557506584723
0 0.6415715539947322 0.5877963125548727 0.011852502194907815 0.009657594381035996
0 0.835820895522388 0.4784899034240562 0.014925373134328358 0.009657594381035996
0 0.3788410886742757 0.8705004389815628 0.007901668129938543 0.00877963125548727
0 0.4060579455662862 0.9209833187006146 0.01141352063213345 0.006145741878841089
0 0.39837576821773485 0.8601843722563652 0.011852502194907815 0.008340649692712906
0 0.40935030728709393 0.8211150131694469 0.010974539069359086 0.006584723441615452
0 0.3456979806848112 0.8088235294117647 0.010974539069359086 0.010974539069359086
0 0.39464442493415275 0.8691834942932397 0.01141352063213345 0.007023705004389816
0 0.520632133450395 0.892449517120281 0.007901668129938543 0.00877963125548727
0 0.5823090430201932 0.9203248463564531 0.005706760316066725 0.009218612818261633
0 0.2802897278314311 0.8639157155399473 0.010974539069359086 0.0052677787532923615
0 0.37949956101843724 0.8999122036874452 0.010974539069359086 0.006145741878841089
0 0.28467954345917473 0.857550482879719 0.01009657594381036 0.006584723441615452
0 0.3847673397717296 0.8884986830553117 0.011852502194907815 0.007023705004389816
0 0.2677787532923617 0.95171202809482 0.006145741878841089 0.010535557506584723
0 0.3437225636523266 0.9201053555750659 0.00877963125548727 0.0052677787532923615
0 0.4585162423178227 0.9172519754170325 0.007462686567164179 0.009218612818261633
0 0.34460052677787534 0.9163740122914837 0.00877963125548727 0.006584723441615452
0 0.3715978928884987 0.8079455662862159 0.010974539069359086 0.010974539069359086
0 0.5002194907813872 0.8467954345917471 0.006584723441615452 0.009657594381035996
0 0.3724758560140474 0.8154082528533801 0.011852502194907815 0.007462686567164179
0 0.5866988586479368 0.9225197541703248 0.008340649692712906 0.009218612818261633
0 0.555531167690957 0.8794995610184372 0.007462686567164179 0.01009657594381036
0 0.3173836698858648 0.6527655838454784 0.00877963125548727 0.00877963125548727
0 0.3858647936786655 0.8808165057067603 0.015803336259877086 0.009218612818261633
0 0.2627304653204565 0.9519315188762072 0.006584723441615452 0.010974539069359086
0 0.3715978928884987 0.8285776997366111 0.010974539069359086 0.006584723441615452
0 0.704126426690079 0.857550482879719 0.007901668129938543 0.01009657594381036
0 0.7559262510974539 0.2923617208077261 0.013169446883230905 0.007023705004389816
0 0.4216417910447761 0.892449517120281 0.011852502194907815 0.007023705004389816
0 0.6703248463564531 0.8136523266022827 0.00877963125548727 0.008340649692712906
0 0.7493415276558385 0.3114574187884109 0.012291483757682178 0.006584723441615452
0 0.3279192273924495 0.792361720807726 0.013169446883230905 0.009657594381035996
0 0.37708516242317824 0.9038630377524144 0.012291483757682178 0.007023705004389816
0 0.40935030728709393 0.8169446883230904 0.010974539069359086 0.007023705004389816
0 0.5654082528533801 0.9479806848112379 0.006145741878841089 0.008340649692712906
0 0.3140913081650571 0.7974100087796313 0.01009657594381036 0.008340649692712906
0 0.351404741000878 0.8050921861281826 0.010974539069359086 0.00877963125548727
0 0.5665057067603161 0.9165935030728709 0.006584723441615452 0.009657594381035996
0 0.40496049165935033 0.9247146619841967 0.011852502194907815 0.005706760316066725
0 0.5618964003511853 0.746268656716418 0.01141352063213345 0.007901668129938543
