0 0.4196663740122915 0.7289288849868305 0.01141352063213345 0.008340649692712906
0 0.21575943810359965 0.8854258121158911 0.011852502194907815 0.014047410008779631
0 0.5682616330114135 0.42471466198419666 0.009218612818261633 0.009218612818261633
0 0.49824407374890256 0.3584284460052678 0.00877963125548727 0.008340649692712906
0 0.5041703248463565 0.37818261633011413 0.011852502194907815 0.01009657594381036
0 0.7686567164179104 0.6551799824407375 0.010535557506584723 0.010974539069359086
0 0.7052238805970149 0.5335820895522388 0.010974539069359086 0.01009657594381036
0 0.2758999122036874 0.0937225636523266 0.009218612818261633 0.008340649692712906
0 0.7341966637401229 0.5588235294117647 0.01009657594381036 0.007901668129938543
0 0.1957857769973661 0.014266900790166813 0.01141352063213345 0.008340649692712906
0 0.6294995610184372 0.3751097453906936 0.018437225636523266 0.017120280948200176
0 0.6253292361720808 0.6073309920983319 0.012730465320456541 0.01009657594381036
0 0.37335381913959614 0.20588235294117646 0.009218612818261633 0.00877963125548727
0 0.3924495171202809 0.23639157155399473 0.009657594381035996 0.008340649692712906
0 0.8522827041264267 0.6812993854258121 0.009218612818261633 0.010535557506584723
0 0.32901668129938544 0.1455223880597015 0.009218612818261633 0.009218612818261633
0 0.4170324846356453 0.7208077260755048 0.014047410008779631 0.010535557506584723
0 0.18546971027216858 0.01514486391571554 0.008340649692712906 0.01009657594381036
0 0.2884108867427568 0.12313432835820895 0.007901668129938543 0.009218612818261633
0 0.2280509218612818 0.04762949956101844 0.009218612818261633 0.009218612818261633
0 0.5465320456540825 0.38366988586479367 0.013169446883230905 0.009657594381035996
0 0.2236611062335382 0.051580333625987705 0.009218612818261633 0.008340649692712906
0 0.5513608428446005 0.39837576821773485 0.00877963125548727 0.008340649692712906
0 0.9247146619841967 0.9703687445127305 0.010974539069359086 0.017120280948200176
0 0.2557067603160667 0.07769973661106233 0.009218612818261633 0.009657594381035996
0 0.3132133450395083 0.14749780509218613 0.010974539069359086 0.009657594381035996
0 0.315188762071993 0.13893766461808604 0.009657594381035996 0.008340649692712906
0 0.33845478489903424 0.17120280948200176 0.010535557506584723 0.007901668129938543
0 0.3689640035118525 0.2078577699736611 0.007462686567164179 0.007462686567164179
0 0.40298507462686567 0.23726953467954345 0.010535557506584723 0.009218612818261633
0 0.4216417910447761 0.2557067603160667 0.01009657594381036 0.008340649692712906
0 0.4236172080772608 0.2677787532923617 0.007901668129938543 0.00877963125548727
0 0.49209833187006147 0.3305531167690957 0.007901668129938543 0.00877963125548727
0 0.4642230026338894 0.31299385425812115 0.009218612818261633 0.00877963125548727
0 0.5805531167690957 0.4141791044776119 0.011852502194907815 0.010974539069359086
0 0.6064530289727832 0.44183494293239683 0.009218612818261633 0.008340649692712906
0 0.4967076382791923 0.34306409130816506 0.009218612818261633 0.009218612818261633
0 0.6363037752414399 0.46707638279192276 0.01009657594381036 0.007901668129938543
0 0.30838454784899033 0.15781387181738368 0.012730465320456541 0.011852502194907815
0 0.6097453906935909 0.45302897278314314 0.010535557506584723 0.00877963125548727
0 0.6569359086918349 0.4910008779631255 0.009218612818261633 0.009218612818261633
0 0.6578138718173837 0.49582967515364357 0.009218612818261633 0.009218612818261633
0 0.6663740122914837 0.40496049165935033 0.012291483757682178 0.009218612818261633
0 0.706540825285338 0.4363476733977173 0.010974539069359086 0.007901668129938543
0 0.7734855136084284 0.48002633889376645 0.012291483757682178 0.006584723441615452
0 0.5414837576821774 0.6861281826163301 0.010974539069359086 0.009657594381035996
0 0.5535557506584723 0.6979806848112379 0.010535557506584723 0.007901668129938543
0 0.5610184372256365 0.7025899912203687 0.009657594381035996 0.009218612818261633
0 0.5684811237928007 0.7133450395083406 0.009657594381035996 0.00877963125548727
0 0.7407813871817384 0.7956540825285338 0.01009657594381036 0.008340649692712906
0 0.5680421422300264 0.8751097453906936 0.006145741878841089 0.008340649692712906
0 0.19512730465320458 0.9312993854258121 0.007462686567164179 0.01009657594381036
0 0.420324846356453 0.8970588235294118 0.010974539069359086 0.005706760316066725
0 0.31189640035118527 0.7701931518876207 0.015364354697102721 0.01009657594381036
0 0.19556628621597894 0.8303336259877085 0.012730465320456541 0.007462686567164179
0 0.3628182616330114 0.7396839332748024 0.011852502194907815 0.009657594381035996
0 0.5381913959613697 0.6571553994732221 0.013169446883230905 0.009657594381035996
0 0.4400790166812994 0.8518437225636524 0.011852502194907815 0.006584723441615452
0 0.40825285338015804 0.9214223002633889 0.01141352063213345 0.006145741878841089
0 0.4005706760316067 0.8601843722563652 0.011852502194907815 0.008340649692712906
0 0.4111062335381914 0.8211150131694469 0.010974539069359086 0.006584723441615452
0 0.34833187006145744 0.8088235294117647 0.010974539069359086 0.010974539069359086
0 0.39640035118525024 0.869622475856014 0.01141352063213345 0.007023705004389816
0 0.5219490781387182 0.8928884986830553 0.007901668129938543 0.00877963125548727
0 0.5836259877085163 0.9207638279192274 0.005706760316066725 0.009218612818261633
0 0.2802897278314311 0.8643546971027217 0.010974539069359086 0.0052677787532923615
0 0.3808165057067603 0.8994732221246707 0.010974539069359086 0.006145741878841089
0 0.28511852502194907 0.8566725197541704 0.01009657594381036 0.006584723441615452
0 0.38652326602282705 0.888937664618086 0.011852502194907815 0.007023705004389816
0 0.26997366110623355 0.9521510096575944 0.006145741878841089 0.010535557506584723
0 0.34503950834064967 0.9205443371378402 0.00877963125548727 0.0052677787532923615
0 0.4598331870061457 0.9172519754170325 0.007462686567164179 0.009218612818261633
0 0.34591747146619845 0.9168129938542581 0.00877963125548727 0.006584723441615452
0 0.37423178226514486 0.8079455662862159 0.010974539069359086 0.010974539069359086
0 0.5015364354697103 0.8467954345917471 0.006584723441615452 0.009657594381035996
0 0.37467076382791925 0.8158472344161545 0.011852502194907815 0.007462686567164179
0 0.5888937664618086 0.9225197541703248 0.008340649692712906 0.009218612818261633
0 0.5568481123792801 0.8790605794556628 0.007462686567164179 0.01009657594381036
0 0.3182616330114135 0.6527655838454784 0.00877963125548727 0.00877963125548727
0 0.3867427568042142 0.8812554872695347 0.015803336259877086 0.009218612818261633
0 0.2636084284460053 0.9514925373134329 0.006584723441615452 0.010974539069359086
0 0.37335381913959614 0.8290166812993854 0.010974539069359086 0.006584723441615452
0 0.7058823529411765 0.857550482879719 0.007901668129938543 0.01009657594381036
0 0.7576821773485514 0.2919227392449517 0.013169446883230905 0.007023705004389816
0 0.42339771729587355 0.8928884986830553 0.011852502194907815 0.007023705004389816
0 0.6716417910447762 0.8136523266022827 0.00877963125548727 0.008340649692712906
0 0.7506584723441615 0.31189640035118527 0.012291483757682178 0.006584723441615452
0 0.3292361720807726 0.792361720807726 0.013169446883230905 0.009657594381035996
0 0.3788410886742757 0.9034240561896401 0.012291483757682178 0.007023705004389816
0 0.4111062335381914 0.8178226514486392 0.010974539069359086 0.007023705004389816
0 0.5667251975417033 0.9479806848112379 0.006145741878841089 0.008340649692712906
0 0.31584723441615453 0.79828797190518 0.01009657594381036 0.008340649692712906
0 0.3522827041264267 0.8050921861281826 0.010974539069359086 0.00877963125548727
0 0.5669446883230904 0.9174714661984197 0.006584723441615452 0.009657594381035996
0 0.4071553994732221 0.9255926251097454 0.011852502194907815 0.005706760316066725
0 0.5623353819139596 0.7467076382791923 0.01141352063213345 0.007901668129938543
