0 0.14508340649692714 0.9997805092186128 0.008340649692712906 0.010974539069359086
0 0.30597014925373134 0.7802897278314311 0.01141352063213345 0.008340649692712906
0 0.1731782265144864 0.9604916593503073 0.01009657594381036 0.014047410008779631
0 0.4005706760316067 0.2537313432835821 0.01009657594381036 0.007023705004389816
0 0.3498683055311677 0.20654082528533801 0.00877963125548727 0.008340649692712906
0 0.37554872695346797 0.2416593503072871 0.011852502194907815 0.01009657594381036
0 0.6953467954345918 0.5559701492537313 0.010535557506584723 0.010974539069359086
0 0.8522827041264267 0.6692273924495171 0.010974539069359086 0.011852502194907815
0 0.4018876207199298 0.21488147497805093 0.009218612818261633 0.008340649692712906
0 0.8667690956979807 0.6927129060579456 0.007462686567164179 0.00877963125548727
0 0.32484635645302895 0.14069359086918348 0.01141352063213345 0.008340649692712906
0 0.7271729587357331 0.45544337137840213 0.02151009657594381 0.014486391571553995
0 0.7974100087796313 0.5028533801580334 0.010974539069359086 0.008340649692712906
0 0.5107550482879719 0.34679543459174716 0.009218612818261633 0.00877963125548727
0 0.5311676909569798 0.3777436347673398 0.009657594381035996 0.008340649692712906
0 0.9225197541703248 0.8612818261633012 0.007462686567164179 0.010535557506584723
0 0.19776119402985073 0.015583845478489903 0.01009657594381036 0.01009657594381036
0 0.2320017559262511 0.05465320456540825 0.01009657594381036 0.008340649692712906
0 0.2952151009657594 0.11194029850746269 0.010974539069359086 0.00877963125548727
0 0.4576382791922739 0.2622914837576822 0.009218612818261633 0.009218612818261633
0 0.252414398595259 0.08560140474100088 0.00877963125548727 0.00877963125548727
0 0.2752414398595259 0.10952589991220368 0.00877963125548727 0.009218612818261633
0 0.3123353819139596 0.1453028972783143 0.01009657594381036 0.007023705004389816
0 0.5974539069359087 0.6233538191395961 0.014047410008779631 0.010535557506584723
0 0.32418788410886745 0.16044776119402984 0.008340649692712906 0.01009657594381036
0 0.41527655838454786 0.25921861281826164 0.007901668129938543 0.009218612818261633
0 0.332089552238806 0.16000877963125548 0.009218612818261633 0.009218612818261633
0 0.6865671641791045 0.514486391571554 0.013169446883230905 0.009657594381035996
0 0.35623353819139597 0.19117647058823528 0.009218612818261633 0.008340649692712906
0 0.7238805970149254 0.5577260755048288 0.00877963125548727 0.008340649692712906
0 0.3953028972783143 0.2273924495171203 0.009218612818261633 0.009657594381035996
0 0.43832309043020196 0.28182616330114135 0.010974539069359086 0.009657594381035996
0 0.45829675153643545 0.29170324846356455 0.009657594381035996 0.008340649692712906
0 0.466198419666374 0.3077260755048288 0.010535557506584723 0.007901668129938543
0 0.5010974539069359 0.3496488147497805 0.009218612818261633 0.010974539069359086
0 0.5390693590869183 0.3751097453906936 0.010535557506584723 0.009218612818261633
0 0.5586040386303776 0.3953028972783143 0.01009657594381036 0.008340649692712906
0 0.5715539947322212 0.4157155399473222 0.007901668129938543 0.00877963125548727
0 0.6395961369622476 0.47146619841966636 0.007901668129938543 0.00877963125548727
0 0.6165496049165935 0.46093064091308167 0.009218612818261633 0.00877963125548727
0 0.723441615452151 0.54828797190518 0.00877963125548727 0.00877963125548727
0 0.7565847234416154 0.5805531167690957 0.009218612818261633 0.008340649692712906
0 0.6450834064969271 0.4866110623353819 0.009218612818261633 0.009218612818261633
0 0.7829236172080772 0.6057945566286216 0.01009657594381036 0.007901668129938543
0 0.7688762071992976 0.6018437225636524 0.007462686567164179 0.00877963125548727
0 0.7996049165935031 0.6231343283582089 0.009218612818261633 0.009218612818261633
0 0.8404302019315188 0.6657155399473222 0.009218612818261633 0.009218612818261633
0 0.7655838454784899 0.4778314310798946 0.012291483757682178 0.009218612818261633
0 0.7991659350307287 0.48024582967515367 0.010974539069359086 0.007901668129938543
0 0.8630377524143986 0.45017559262510976 0.010535557506584723 0.006584723441615452
0 0.5410447761194029 0.6865671641791045 0.010974539069359086 0.009657594381035996
0 0.5522388059701493 0.6984196663740123 0.010535557506584723 0.007901668129938543
0 0.5597014925373134 0.7034679543459175 0.009657594381035996 0.009218612818261633
0 0.567603160667252 0.7142230026338894 0.009657594381035996 0.00877963125548727
0 0.6016242317822651 0.7592186128182616 0.006584723441615452 0.008340649692712906
0 0.567603160667252 0.875548726953468 0.006145741878841089 0.008340649692712906
0 0.41900790166812996 0.8974978050921861 0.010974539069359086 0.005706760316066725
0 0.4760755048287972 0.6905179982440738 0.015364354697102721 0.00877963125548727
0 0.04280070237050044 0.8816944688323091 0.012730465320456541 0.009218612818261633
0 0.526558384547849 0.655838454784899 0.011852502194907815 0.009657594381035996
0 0.7142230026338894 0.5526777875329236 0.014925373134328358 0.009657594381035996
0 0.4043020193151888 0.8529411764705882 0.007901668129938543 0.00877963125548727
0 0.4064969271290606 0.9214223002633889 0.01141352063213345 0.006145741878841089
0 0.39881474978050924 0.8606233538191396 0.011852502194907815 0.008340649692712906
0 0.4097892888498683 0.8219929762949956 0.010974539069359086 0.006584723441615452
0 0.34657594381035994 0.8097014925373134 0.010974539069359086 0.010974539069359086
0 0.39508340649692714 0.869622475856014 0.01141352063213345 0.007023705004389816
0 0.5210711150131695 0.8933274802458296 0.007901668129938543 0.00877963125548727
0 0.5827480245829675 0.9212028094820017 0.005706760316066725 0.009218612818261633
0 0.27897278314310797 0.8647936786654961 0.010974539069359086 0.0052677787532923615
0 0.37949956101843724 0.9003511852502195 0.010974539069359086 0.006145741878841089
0 0.283801580333626 0.8571115013169447 0.01009657594381036 0.006584723441615452
0 0.38520632133450394 0.888937664618086 0.011852502194907815 0.007023705004389816
0 0.26865671641791045 0.9521510096575944 0.006145741878841089 0.010535557506584723
0 0.34416154521510095 0.9209833187006146 0.00877963125548727 0.0052677787532923615
0 0.458955223880597 0.9176909569798068 0.007462686567164179 0.009218612818261633
0 0.34503950834064967 0.9168129938542581 0.00877963125548727 0.006584723441615452
0 0.3724758560140474 0.8088235294117647 0.010974539069359086 0.010974539069359086
0 0.5002194907813872 0.8476733977172959 0.006584723441615452 0.009657594381035996
0 0.37335381913959614 0.8162862159789289 0.011852502194907815 0.007462686567164179
0 0.5871378402107111 0.9233977172958736 0.008340649692712906 0.009218612818261633
0 0.5559701492537313 0.8799385425812116 0.007462686567164179 0.01009657594381036
0 0.31870061457418786 0.6527655838454784 0.00877963125548727 0.00877963125548727
0 0.3858647936786655 0.8816944688323091 0.015803336259877086 0.009218612818261633
0 0.2627304653204565 0.9523705004389815 0.006584723441615452 0.010974539069359086
0 0.37203687445127304 0.8294556628621598 0.010974539069359086 0.006584723441615452
0 0.7045654082528534 0.8584284460052678 0.007901668129938543 0.01009657594381036
0 0.7563652326602283 0.29367866549604915 0.013169446883230905 0.007023705004389816
0 0.4216417910447761 0.8937664618086041 0.011852502194907815 0.007023705004389816
0 0.6707638279192274 0.8145302897278315 0.00877963125548727 0.008340649692712906
0 0.7497805092186128 0.3123353819139596 0.012291483757682178 0.006584723441615452
0 0.3283582089552239 0.7928007023705005 0.013169446883230905 0.009657594381035996
0 0.3775241439859526 0.9043020193151887 0.012291483757682178 0.007023705004389816
0 0.4097892888498683 0.8178226514486392 0.010974539069359086 0.007023705004389816
0 0.5658472344161545 0.9488586479367866 0.006145741878841089 0.008340649692712906
0 0.3149692712906058 0.7991659350307287 0.01009657594381036 0.008340649692712906
0 0.351404741000878 0.8059701492537313 0.010974539069359086 0.00877963125548727
0 0.5669446883230904 0.9174714661984197 0.006584723441615452 0.009657594381035996
0 0.40539947322212466 0.9255926251097454 0.011852502194907815 0.005706760316066725
0 0.5627743634767339 0.7471466198419666 0.01141352063213345 0.007901668129938543
