0 0.3674275680421422 0.7508779631255488 0.01141352063213345 0.008340649692712906
0 0.20061457418788411 0.9183494293239683 0.014047410008779631 0.014047410008779631
0 0.4910008779631255 0.3485513608428446 0.01009657594381036 0.007023705004389816
0 0.4315188762071993 0.28994732221246705 0.00877963125548727 0.008340649692712906
0 0.4484196663740123 0.31716417910447764 0.011852502194907815 0.01009657594381036
0 0.7445127304653204 0.6095258999122037 0.010535557506584723 0.010974539069359086
0 0.7708516242317822 0.5937225636523266 0.014925373134328358 0.011852502194907815
0 0.3307726075504829 0.14815627743634768 0.009218612818261633 0.008340649692712906
0 0.7978489903424056 0.6143546971027217 0.009218612818261633 0.01009657594381036
0 0.25636523266022826 0.07309043020193152 0.01141352063213345 0.008340649692712906
0 0.6771290605794557 0.4133011413520632 0.02151009657594381 0.014486391571553995
0 0.7030289727831431 0.5599209833187007 0.010974539069359086 0.008340649692712906
0 0.43217734855136086 0.26909569798068483 0.009218612818261633 0.00877963125548727
0 0.4499561018437226 0.29697102721685686 0.009657594381035996 0.008340649692712906
0 0.8992537313432836 0.7576821773485514 0.007462686567164179 0.010535557506584723
0 0.21663740122914837 0.03292361720807726 0.010974539069359086 0.00877963125548727
0 0.3834503950834065 0.19776119402985073 0.009218612818261633 0.009218612818261633
0 0.17603160667251974 0.004389815627743635 0.00877963125548727 0.00877963125548727
0 0.19798068481123793 0.02787532923617208 0.00877963125548727 0.009218612818261633
0 0.23507462686567165 0.06453028972783142 0.01009657594381036 0.007023705004389816
0 0.49561018437225635 0.6786654960491659 0.014047410008779631 0.010535557506584723
0 0.24868305531167692 0.08143107989464443 0.008340649692712906 0.01009657594381036
0 0.34416154521510095 0.18107989464442492 0.007901668129938543 0.009218612818261633
0 0.27414398595259 0.09679543459174715 0.009218612818261633 0.009218612818261633
0 0.607550482879719 0.4411764705882353 0.013169446883230905 0.009657594381035996
0 0.2816066725197542 0.11259877085162423 0.009218612818261633 0.008340649692712906
0 0.6264266900790166 0.46817383669885865 0.00877963125548727 0.008340649692712906
0 0.3145302897278314 0.14003511852502196 0.009218612818261633 0.009657594381035996
0 0.36808604038630377 0.20500438981562774 0.010974539069359086 0.009657594381035996
0 0.37576821773485514 0.20346795434591747 0.009657594381035996 0.008340649692712906
0 0.39464442493415275 0.233099209833187 0.010535557506584723 0.007901668129938543
0 0.4264705882352941 0.2715100965759438 0.009218612818261633 0.010974539069359086
0 0.45961369622475856 0.29697102721685686 0.010535557506584723 0.009218612818261633
0 0.4795873573309921 0.31540825285338014 0.01009657594381036 0.008340649692712906
0 0.48375768217734855 0.3301141352063213 0.007901668129938543 0.00877963125548727
0 0.5570676031606673 0.3928884986830553 0.007901668129938543 0.00877963125548727
0 0.531387181738367 0.37928007023705007 0.009218612818261633 0.00877963125548727
0 0.6439859525899913 0.47585601404741 0.009657594381035996 0.01141352063213345
0 0.6723002633889377 0.503731343283582 0.009218612818261633 0.008340649692712906
0 0.5629938542581212 0.4084723441615452 0.009218612818261633 0.009218612818261633
0 0.70171202809482 0.5316066725197541 0.01009657594381036 0.007901668129938543
0 0.2309043020193152 0.07945566286215978 0.014047410008779631 0.009657594381035996
0 0.6819578577699736 0.5197541703248464 0.007462686567164179 0.00877963125548727
0 0.721027216856892 0.550702370500439 0.009218612818261633 0.009218612818261633
0 0.7399034240561896 0.5735294117647058 0.009218612818261633 0.009218612818261633
0 0.713784021071115 0.44315188762071994 0.012291483757682178 0.009218612818261633
0 0.7469271290605795 0.4675153643546971 0.010974539069359086 0.007901668129938543
0 0.8086040386303776 0.4795873573309921 0.010535557506584723 0.006584723441615452
0 0.5410447761194029 0.6856892010535558 0.010974539069359086 0.009657594381035996
0 0.5539947322212467 0.6966637401229149 0.010535557506584723 0.007901668129938543
0 0.5605794556628622 0.7025899912203687 0.009657594381035996 0.009218612818261633
0 0.5684811237928007 0.713784021071115 0.009657594381035996 0.00877963125548727
0 0.6723002633889377 0.7855575065847235 0.01009657594381036 0.008340649692712906
0 0.5680421422300264 0.8751097453906936 0.006145741878841089 0.008340649692712906
0 0.1777875329236172 0.9607111501316945 0.009657594381035996 0.009218612818261633
0 0.4198858647936787 0.8966198419666374 0.010974539069359086 0.005706760316066725
0 0.3847673397717296 0.7361720807726075 0.015364354697102721 0.00877963125548727
0 0.12840210711150132 0.8566725197541704 0.012730465320456541 0.009218612818261633
0 0.43700614574187885 0.702809482001756 0.011852502194907815 0.009657594381035996
0 0.6176470588235294 0.611062335381914 0.014925373134328358 0.009657594381035996
0 0.4310798946444249 0.8529411764705882 0.007901668129938543 0.00877963125548727
0 0.40781387181738366 0.9209833187006146 0.01141352063213345 0.006145741878841089
0 0.4001316944688323 0.8601843722563652 0.011852502194907815 0.008340649692712906
0 0.4111062335381914 0.8211150131694469 0.010974539069359086 0.006584723441615452
0 0.34789288849868305 0.8088235294117647 0.010974539069359086 0.010974539069359086
0 0.39596136962247586 0.8691834942932397 0.01141352063213345 0.007023705004389816
0 0.5219490781387182 0.8928884986830553 0.007901668129938543 0.00877963125548727
0 0.5836259877085163 0.9203248463564531 0.005706760316066725 0.009218612818261633
0 0.2798507462686567 0.8643546971027217 0.010974539069359086 0.0052677787532923615
0 0.3808165057067603 0.8994732221246707 0.010974539069359086 0.006145741878841089
0 0.28467954345917473 0.8566725197541704 0.01009657594381036 0.006584723441615452
0 0.3869622475856014 0.888937664618086 0.011852502194907815 0.007023705004389816
0 0.26953467954345917 0.95171202809482 0.006145741878841089 0.010535557506584723
0 0.34547848990342406 0.9205443371378402 0.00877963125548727 0.0052677787532923615
0 0.4598331870061457 0.9172519754170325 0.007462686567164179 0.009218612818261633
0 0.34547848990342406 0.9163740122914837 0.00877963125548727 0.006584723441615452
0 0.3737928007023705 0.8075065847234416 0.010974539069359086 0.010974539069359086
0 0.5015364354697103 0.8472344161545216 0.006584723441615452 0.009657594381035996
0 0.37423178226514486 0.8154082528533801 0.011852502194907815 0.007462686567164179
0 0.5884547848990342 0.9225197541703248 0.008340649692712906 0.009218612818261633
0 0.5572870939420544 0.8794995610184372 0.007462686567164179 0.01009657594381036
0 0.3182616330114135 0.6527655838454784 0.00877963125548727 0.00877963125548727
0 0.3867427568042142 0.8812554872695347 0.015803336259877086 0.009218612818261633
0 0.2640474100087796 0.9514925373134329 0.006584723441615452 0.010974539069359086
0 0.37291483757682176 0.8290166812993854 0.010974539069359086 0.006584723441615452
0 0.7058823529411765 0.8579894644424935 0.007901668129938543 0.01009657594381036
0 0.7576821773485514 0.29280070237050043 0.013169446883230905 0.007023705004389816
0 0.4229587357330992 0.8928884986830553 0.011852502194907815 0.007023705004389816
0 0.6716417910447762 0.8132133450395084 0.00877963125548727 0.008340649692712906
0 0.7510974539069359 0.3114574187884109 0.012291483757682178 0.006584723441615452
0 0.3292361720807726 0.792361720807726 0.013169446883230905 0.009657594381035996
0 0.3788410886742757 0.9034240561896401 0.012291483757682178 0.007023705004389816
0 0.41066725197541704 0.8173836698858647 0.010974539069359086 0.007023705004389816
0 0.5667251975417033 0.9479806848112379 0.006145741878841089 0.008340649692712906
0 0.31584723441615453 0.79828797190518 0.01009657594381036 0.008340649692712906
0 0.3522827041264267 0.8050921861281826 0.010974539069359086 0.00877963125548727
0 0.5669446883230904 0.9170324846356454 0.006584723441615452 0.009657594381035996
0 0.40671641791044777 0.925153643546971 0.011852502194907815 0.005706760316066725
0 0.5645302897278315 0.746268656716418 0.01141352063213345 0.007901668129938543
