0 0.17888498683055312 0.9326163301141353 0.01009657594381036 0.010974539069359086
0 0.24912203687445128 0.8230904302019315 0.008340649692712906 0.009657594381035996
0 0.1802019315188762 0.023266022827041263 0.01009657594381036 0.007023705004389816
0 0.17822651448639157 0.03182616330114135 0.00877963125548727 0.008340649692712906
0 0.21575943810359965 0.07001755926251098 0.011852502194907815 0.01009657594381036
0 0.5133889376646181 0.3821334503950834 0.009218612818261633 0.008340649692712906
0 0.8439420544337137 0.8470149253731343 0.013608428446005268 0.010974539069359086
0 0.8781826163301142 0.9062774363476734 0.011852502194907815 0.011852502194907815
0 0.909350307287094 0.9165935030728709 0.007462686567164179 0.00877963125548727
0 0.9308604038630377 0.880377524143986 0.007462686567164179 0.011852502194907815
0 0.6007462686567164 0.3593064091308165 0.009218612818261633 0.008340649692712906
0 0.9277875329236172 0.9209833187006146 0.007462686567164179 0.00877963125548727
0 0.5127304653204565 0.3017998244073749 0.01141352063213345 0.008340649692712906
0 0.8588674275680421 0.45127304653204564 0.020632133450395083 0.016681299385425813
0 0.7140035118525022 0.5399473222124671 0.009218612818261633 0.00877963125548727
0 0.7489025460930641 0.5818700614574188 0.009657594381035996 0.008340649692712906
0 0.21202809482001755 0.02897278314310799 0.010535557506584723 0.007901668129938543
0 0.218612818261633 0.046312554872695345 0.00877963125548727 0.010974539069359086
0 0.23639157155399473 0.06562774363476734 0.01009657594381036 0.007462686567164179
0 0.2802897278314311 0.09701492537313433 0.008340649692712906 0.007901668129938543
0 0.25636523266022826 0.08801580333625987 0.00877963125548727 0.008340649692712906
0 0.3235294117647059 0.1395961369622476 0.009657594381035996 0.007901668129938543
0 0.3531606672519754 0.1635206321334504 0.01009657594381036 0.01009657594381036
0 0.39135206321334504 0.2030289727831431 0.01009657594381036 0.008340649692712906
0 0.47431957857769974 0.27436347673397715 0.010974539069359086 0.00877963125548727
0 0.6591308165057067 0.3979367866549605 0.009218612818261633 0.009218612818261633
0 0.31804214223002636 0.15210711150131695 0.007462686567164179 0.009218612818261633
0 0.4473222124670764 0.2906057945566286 0.00877963125548727 0.00877963125548727
0 0.4745390693590869 0.31716417910447764 0.00877963125548727 0.009218612818261633
0 0.5059262510974539 0.3485513608428446 0.01009657594381036 0.007023705004389816
0 0.8388937664618086 0.47761194029850745 0.014047410008779631 0.010535557506584723
0 0.5208516242317822 0.36676909569798066 0.008340649692712906 0.01009657594381036
0 0.6097453906935909 0.45149253731343286 0.007901668129938543 0.009218612818261633
0 0.5256804214223003 0.36062335381913957 0.009218612818261633 0.009218612818261633
0 0.8709394205443372 0.6953467954345918 0.010535557506584723 0.009657594381035996
0 0.5599209833187007 0.3979367866549605 0.009218612818261633 0.008340649692712906
0 0.9053994732221247 0.7710711150131695 0.008340649692712906 0.009218612818261633
0 0.6143546971027217 0.4442493415276558 0.009218612818261633 0.009657594381035996
0 0.6349868305531168 0.4736611062335382 0.010974539069359086 0.009657594381035996
0 0.6703248463564531 0.4949517120280948 0.009657594381035996 0.008340649692712906
0 0.6703248463564531 0.5057067603160668 0.010535557506584723 0.007901668129938543
0 0.7124670763827919 0.5469710272168569 0.010535557506584723 0.007023705004389816
0 0.7436347673397717 0.5673836698858647 0.010535557506584723 0.009218612818261633
0 0.764486391571554 0.5866988586479368 0.01009657594381036 0.008340649692712906
0 0.7840210711150132 0.6145741878841089 0.007901668129938543 0.00877963125548727
0 0.8340649692712906 0.6518876207199298 0.007901668129938543 0.00877963125548727
0 0.817603160667252 0.6457418788410887 0.009218612818261633 0.00877963125548727
0 0.9001316944688323 0.7383669885864794 0.008340649692712906 0.00877963125548727
0 0.9115452151009658 0.7653643546971027 0.007462686567164179 0.008340649692712906
0 0.8426251097453907 0.6683494293239683 0.009218612818261633 0.009218612818261633
0 0.9198858647936786 0.7890693590869183 0.006584723441615452 0.009218612818261633
0 0.9185689201053556 0.8156277436347673 0.007462686567164179 0.00877963125548727
0 0.9253731343283582 0.8118964003511853 0.007023705004389816 0.009218612818261633
0 0.91900790166813 0.9405179982440738 0.008340649692712906 0.009218612818261633
0 0.8920105355575065 0.4302019315188762 0.012291483757682178 0.010535557506584723
0 0.9514925373134329 0.39640035118525024 0.010974539069359086 0.009657594381035996
0 0.5392888498683055 0.6861281826163301 0.010974539069359086 0.009657594381035996
0 0.5504828797190519 0.6962247585601404 0.010535557506584723 0.007901668129938543
0 0.5588235294117647 0.7030289727831431 0.009657594381035996 0.009218612818261633
0 0.5671641791044776 0.7129060579455663 0.00877963125548727 0.00877963125548727
0 0.4929762949956102 0.7021510096575944 0.010535557506584723 0.007462686567164179
0 0.5662862159789289 0.8751097453906936 0.006145741878841089 0.008340649692712906
0 0.41856892010535557 0.8974978050921861 0.010974539069359086 0.005706760316066725
0 0.6916154521510096 0.5667251975417033 0.015364354697102721 0.010535557506584723
0 0.7337576821773486 0.5320456540825286 0.011852502194907815 0.009657594381035996
0 0.9280070237050044 0.422739244951712 0.014925373134328358 0.009657594381035996
0 0.3656716417910448 0.892449517120281 0.007901668129938543 0.00877963125548727
0 0.40561896400351183 0.9209833187006146 0.01141352063213345 0.006145741878841089
0 0.3979367866549605 0.8606233538191396 0.011852502194907815 0.008340649692712906
0 0.4089113257243196 0.8215539947322212 0.010974539069359086 0.006584723441615452
0 0.34438103599648817 0.8088235294117647 0.010974539069359086 0.010974539069359086
0 0.39376646180860403 0.869622475856014 0.01141352063213345 0.007023705004389816
0 0.5197541703248464 0.8928884986830553 0.007901668129938543 0.00877963125548727
0 0.5818700614574188 0.9207638279192274 0.005706760316066725 0.009218612818261633
0 0.2798507462686567 0.863476733977173 0.010974539069359086 0.0052677787532923615
0 0.3786215978928885 0.8999122036874452 0.010974539069359086 0.006145741878841089
0 0.2833625987708516 0.8571115013169447 0.01009657594381036 0.006584723441615452
0 0.38388937664618084 0.888937664618086 0.011852502194907815 0.007023705004389816
0 0.26733977172958734 0.9521510096575944 0.006145741878841089 0.010535557506584723
0 0.3428446005267779 0.9205443371378402 0.00877963125548727 0.0052677787532923615
0 0.4580772607550483 0.9176909569798068 0.007462686567164179 0.009218612818261633
0 0.34416154521510095 0.9163740122914837 0.00877963125548727 0.006584723441615452
0 0.3711589113257243 0.8083845478489904 0.010974539069359086 0.010974539069359086
0 0.49978050921861283 0.8472344161545216 0.006584723441615452 0.009657594381035996
0 0.37203687445127304 0.8154082528533801 0.011852502194907815 0.007462686567164179
0 0.585820895522388 0.9229587357330992 0.008340649692712906 0.009218612818261633
0 0.5546532045654082 0.880377524143986 0.007462686567164179 0.01009657594381036
0 0.3169446883230904 0.6514486391571555 0.00877963125548727 0.00877963125548727
0 0.3854258121158911 0.8816944688323091 0.015803336259877086 0.009218612818261633
0 0.2618525021949078 0.9523705004389815 0.006584723441615452 0.010974539069359086
0 0.3711589113257243 0.8294556628621598 0.010974539069359086 0.006584723441615452
0 0.7036874451273046 0.8584284460052678 0.007901668129938543 0.01009657594381036
0 0.7550482879719052 0.29280070237050043 0.013169446883230905 0.007023705004389816
0 0.4207638279192274 0.8933274802458296 0.011852502194907815 0.007023705004389816
0 0.6694468832309043 0.8145302897278315 0.00877963125548727 0.008340649692712906
0 0.7484635645302897 0.31189640035118527 0.012291483757682178 0.006584723441615452
0 0.3270412642669008 0.7928007023705005 0.013169446883230905 0.009657594381035996
0 0.37664618086040386 0.9043020193151887 0.012291483757682178 0.007023705004389816
0 0.4089113257243196 0.8173836698858647 0.010974539069359086 0.007023705004389816
0 0.5645302897278315 0.9479806848112379 0.006145741878841089 0.008340649692712906
0 0.3132133450395083 0.7978489903424056 0.01009657594381036 0.008340649692712906
0 0.3509657594381036 0.8050921861281826 0.010974539069359086 0.00877963125548727
0 0.5660667251975418 0.9170324846356454 0.006584723441615452 0.009657594381035996
0 0.24429323968393327 0.06343283582089553 0.01009657594381036 0.008340649692712906
0 0.40452151009657594 0.9255926251097454 0.011852502194907815 0.005706760316066725
0 0.5614574187884109 0.7471466198419666 0.01141352063213345 0.007901668129938543
