0 0.40166812993854256 0.7359525899912204 0.01141352063213345 0.008340649692712906
0 0.20939420544337137 0.8959613696224759 0.014047410008779631 0.014047410008779631
0 0.5410447761194029 0.4005706760316067 0.009218612818261633 0.009218612818261633
0 0.4741000877963126 0.3329675153643547 0.00877963125548727 0.008340649692712906
0 0.4852941176470588 0.35623353819139597 0.011852502194907815 0.01009657594381036
0 0.7603160667251976 0.6398156277436348 0.010535557506584723 0.010974539069359086
0 0.7276119402985075 0.5537752414398596 0.010974539069359086 0.01009657594381036
0 0.2947761194029851 0.11128182616330114 0.009218612818261633 0.008340649692712906
0 0.7552677787532923 0.5779192273924495 0.009218612818261633 0.01009657594381036
0 0.21466198419666374 0.03446005267778753 0.01141352063213345 0.008340649692712906
0 0.6453028972783144 0.38784021071115016 0.018437225636523266 0.017120280948200176
0 0.6512291483757682 0.5915276558384548 0.012730465320456541 0.01009657594381036
0 0.3931079894644425 0.22607550482879718 0.009218612818261633 0.00877963125548727
0 0.4108867427568042 0.2557067603160667 0.009657594381035996 0.008340649692712906
0 0.8694029850746269 0.7058823529411765 0.007462686567164179 0.010535557506584723
0 0.34701492537313433 0.1622036874451273 0.009218612818261633 0.009218612818261633
0 0.19183494293239683 0.020412642669007903 0.01141352063213345 0.01009657594381036
0 0.4433713784021071 0.7071992976294995 0.014047410008779631 0.010535557506584723
0 0.20522388059701493 0.03709394205443371 0.008340649692712906 0.01009657594381036
0 0.305531167690957 0.1420105355575066 0.007901668129938543 0.009218612818261633
0 0.24209833187006147 0.06431079894644424 0.009218612818261633 0.009218612818261633
0 0.5662862159789289 0.4038630377524144 0.013169446883230905 0.009657594381035996
0 0.24122036874451272 0.07177348551360843 0.009218612818261633 0.008340649692712906
0 0.5750658472344161 0.4207638279192274 0.00877963125548727 0.008340649692712906
0 0.9203248463564531 0.9936347673397717 0.009218612818261633 0.014486391571553995
0 0.27370500438981565 0.09657594381035997 0.009218612818261633 0.009657594381035996
0 0.332089552238806 0.16593503072870938 0.010974539069359086 0.009657594381035996
0 0.3349429323968393 0.16044776119402984 0.009657594381035996 0.008340649692712906
0 0.3560140474100088 0.19139596136962247 0.010535557506584723 0.007901668129938543
0 0.38740122914837577 0.22936786654960492 0.007462686567164179 0.007462686567164179
0 0.42054433713784023 0.2565847234416154 0.010535557506584723 0.009218612818261633
0 0.439640035118525 0.2763388937664618 0.01009657594381036 0.008340649692712906
0 0.442054433713784 0.2901668129938543 0.007901668129938543 0.00877963125548727
0 0.5136084284460053 0.35118525021949076 0.007901668129938543 0.00877963125548727
0 0.48485513608428443 0.3366988586479368 0.009218612818261633 0.00877963125548727
0 0.6007462686567164 0.43371378402107114 0.01009657594381036 0.009657594381035996
0 0.6275241439859526 0.46246707638279194 0.009218612818261633 0.008340649692712906
0 0.5186567164179104 0.3650131694468832 0.009218612818261633 0.009218612818261633
0 0.6573748902546093 0.48858647936786653 0.01009657594381036 0.007901668129938543
0 0.2824846356453029 0.13147497805092187 0.012730465320456541 0.011852502194907815
0 0.6334503950834065 0.4754170324846356 0.010535557506584723 0.00877963125548727
0 0.6788849868305531 0.5111940298507462 0.009218612818261633 0.009218612818261633
0 0.6850307287093942 0.5212906057945567 0.009218612818261633 0.009218612818261633
0 0.6812993854258121 0.4159350307287094 0.012291483757682178 0.009218612818261633
0 0.7192712906057945 0.4473222124670764 0.010974539069359086 0.007901668129938543
0 0.7835820895522388 0.4835381913959614 0.010535557506584723 0.006584723441615452
0 0.5410447761194029 0.6865671641791045 0.010974539069359086 0.009657594381035996
0 0.5526777875329236 0.6975417032484635 0.010535557506584723 0.007901668129938543
0 0.5601404741000878 0.7025899912203687 0.009657594381035996 0.009218612818261633
0 0.5680421422300264 0.713784021071115 0.009657594381035996 0.00877963125548727
0 0.7175153643546971 0.7917032484635645 0.01009657594381036 0.008340649692712906
0 0.567603160667252 0.8751097453906936 0.006145741878841089 0.008340649692712906
0 0.18898156277436348 0.9409569798068481 0.007462686567164179 0.01009657594381036
0 0.4194468832309043 0.8970588235294118 0.010974539069359086 0.005706760316066725
0 0.33560140474100086 0.7587796312554873 0.015364354697102721 0.01009657594381036
0 0.17493415276558386 0.8391132572431957 0.012730465320456541 0.007462686567164179
0 0.38564530289727833 0.728270412642669 0.011852502194907815 0.009657594381035996
0 0.5618964003511853 0.6426690079016681 0.014925373134328358 0.009657594381035996
0 0.4363476733977173 0.8533801580333626 0.007901668129938543 0.00877963125548727
0 0.40693590869183494 0.9209833187006146 0.01141352063213345 0.006145741878841089
0 0.4001316944688323 0.8601843722563652 0.011852502194907815 0.008340649692712906
0 0.41066725197541704 0.8211150131694469 0.010974539069359086 0.006584723441615452
0 0.3474539069359087 0.8088235294117647 0.010974539069359086 0.010974539069359086
0 0.39596136962247586 0.8691834942932397 0.01141352063213345 0.007023705004389816
0 0.5215100965759438 0.8928884986830553 0.007901668129938543 0.00877963125548727
0 0.5827480245829675 0.9203248463564531 0.005706760316066725 0.009218612818261633
0 0.27941176470588236 0.8639157155399473 0.010974539069359086 0.0052677787532923615
0 0.37993854258121157 0.8999122036874452 0.010974539069359086 0.006145741878841089
0 0.28424056189640035 0.8566725197541704 0.01009657594381036 0.006584723441615452
0 0.38608428446005266 0.888937664618086 0.011852502194907815 0.007023705004389816
0 0.26909569798068483 0.9521510096575944 0.006145741878841089 0.010535557506584723
0 0.34460052677787534 0.9205443371378402 0.00877963125548727 0.0052677787532923615
0 0.458955223880597 0.9168129938542581 0.007462686567164179 0.009218612818261633
0 0.34547848990342406 0.9163740122914837 0.00877963125548727 0.006584723441615452
0 0.37291483757682176 0.8079455662862159 0.010974539069359086 0.010974539069359086
0 0.5006584723441615 0.8472344161545216 0.006584723441615452 0.009657594381035996
0 0.3737928007023705 0.8158472344161545 0.011852502194907815 0.007462686567164179
0 0.5875768217734855 0.9225197541703248 0.008340649692712906 0.009218612818261633
0 0.5564091308165057 0.8794995610184372 0.007462686567164179 0.01009657594381036
0 0.3182616330114135 0.6527655838454784 0.00877963125548727 0.00877963125548727
0 0.3863037752414399 0.8812554872695347 0.015803336259877086 0.009218612818261633
0 0.2631694468832309 0.9519315188762072 0.006584723441615452 0.010974539069359086
0 0.3724758560140474 0.8290166812993854 0.010974539069359086 0.006584723441615452
0 0.7050043898156277 0.8579894644424935 0.007901668129938543 0.01009657594381036
0 0.7568042142230026 0.2923617208077261 0.013169446883230905 0.007023705004389816
0 0.4220807726075505 0.8933274802458296 0.011852502194907815 0.007023705004389816
0 0.6707638279192274 0.8136523266022827 0.00877963125548727 0.008340649692712906
0 0.7502194907813872 0.31189640035118527 0.012291483757682178 0.006584723441615452
0 0.3287971905179982 0.792361720807726 0.013169446883230905 0.009657594381035996
0 0.37796312554872696 0.9038630377524144 0.012291483757682178 0.007023705004389816
0 0.41066725197541704 0.8173836698858647 0.010974539069359086 0.007023705004389816
0 0.5662862159789289 0.9484196663740123 0.006145741878841089 0.008340649692712906
0 0.31540825285338014 0.79828797190518 0.01009657594381036 0.008340649692712906
0 0.3518437225636523 0.805531167690957 0.010974539069359086 0.00877963125548727
0 0.5665057067603161 0.9170324846356454 0.006584723441615452 0.009657594381035996
0 0.4062774363476734 0.925153643546971 0.011852502194907815 0.005706760316066725
0 0.5614574187884109 0.7467076382791923 0.01141352063213345 0.007901668129938543
