0 0.15561896400351186 0.9791483757682178 0.01009657594381036 0.010974539069359086
0 0.25768217734855137 0.8086040386303776 0.00877963125548727 0.009657594381035996
0 0.3009218612818262 0.1466198419666374 0.01009657594381036 0.007023705004389816
0 0.2642669007901668 0.12313432835820895 0.00877963125548727 0.008340649692712906
0 0.3004828797190518 0.15913081650570676 0.011852502194907815 0.01009657594381036
0 0.6198419666374012 0.4844161545215101 0.00877963125548727 0.010974539069359086
0 0.8836698858647937 0.9644424934152765 0.00877963125548727 0.012291483757682178
0 0.9102282704126426 0.7614135206321334 0.010974539069359086 0.011852502194907815
0 0.4892449517120281 0.2859964881474978 0.009218612818261633 0.008340649692712906
0 0.9212028094820017 0.7919227392449517 0.007462686567164179 0.00877963125548727
0 0.40342405618964006 0.21444249341527655 0.01141352063213345 0.008340649692712906
0 0.7859964881474978 0.48090430201931517 0.023266022827041263 0.012730465320456541
0 0.901009657594381 0.4392010535557507 0.010974539069359086 0.008340649692712906
0 0.6016242317822651 0.43459174714661986 0.009218612818261633 0.00877963125548727
0 0.6330114135206322 0.47431957857769974 0.009657594381035996 0.008340649692712906
0 0.9135206321334504 0.9826602282704127 0.00877963125548727 0.012730465320456541
0 0.18590869183494294 0.004389815627743635 0.008340649692712906 0.007901668129938543
0 0.24363476733977174 0.061457418788410885 0.009657594381035996 0.007901668129938543
0 0.27414398595259 0.08933274802458296 0.01009657594381036 0.01009657594381036
0 0.3000438981562774 0.11962247585601404 0.01009657594381036 0.008340649692712906
0 0.3773046532045654 0.1900790166812994 0.010974539069359086 0.00877963125548727
0 0.5537752414398596 0.3281387181738367 0.009218612818261633 0.009218612818261633
0 0.2115891132572432 0.04280070237050044 0.00877963125548727 0.009218612818261633
0 0.33933274802458296 0.17515364354697102 0.00877963125548727 0.00877963125548727
0 0.36611062335381916 0.20390693590869183 0.00877963125548727 0.009218612818261633
0 0.39837576821773485 0.23661106233538193 0.01009657594381036 0.007023705004389816
0 0.702809482001756 0.5588235294117647 0.014047410008779631 0.010535557506584723
0 0.4097892888498683 0.25263388937664616 0.008340649692712906 0.01009657594381036
0 0.5004389815627743 0.34657594381035994 0.007901668129938543 0.009218612818261633
0 0.4146180860403863 0.2473661106233538 0.009218612818261633 0.009218612818261633
0 0.7743634767339772 0.5965759438103599 0.013169446883230905 0.009657594381035996
0 0.4409569798068481 0.283801580333626 0.009218612818261633 0.008340649692712906
0 0.8257243195785777 0.6543020193151887 0.00877963125548727 0.008340649692712906
0 0.48880597014925375 0.32616330114135206 0.009218612818261633 0.009657594381035996
0 0.5239244951712028 0.3691834942932397 0.010974539069359086 0.009657594381035996
0 0.5566286215978928 0.3887181738366989 0.009657594381035996 0.008340649692712906
0 0.5570676031606673 0.3968393327480246 0.010535557506584723 0.007901668129938543
0 0.5963564530289728 0.4400790166812994 0.009218612818261633 0.010974539069359086
0 0.6316944688323091 0.46334503950834066 0.010535557506584723 0.009218612818261633
0 0.6516681299385426 0.48266022827041266 0.01009657594381036 0.008340649692712906
0 0.6738366988586479 0.5118525021949079 0.007901668129938543 0.00877963125548727
0 0.7304653204565408 0.5553116769095698 0.007901668129938543 0.00877963125548727
0 0.7109306409130817 0.5491659350307287 0.009218612818261633 0.00877963125548727
0 0.8158472344161545 0.6330114135206322 0.009218612818261633 0.00877963125548727
0 0.8452589991220368 0.6617647058823529 0.007462686567164179 0.008340649692712906
0 0.7341966637401229 0.5691395961369623 0.009218612818261633 0.009218612818261633
0 0.8632572431957858 0.6841527655838455 0.008340649692712906 0.009218612818261633
0 0.8606233538191396 0.6922739244951712 0.007462686567164179 0.00877963125548727
0 0.8777436347673397 0.7021510096575944 0.007462686567164179 0.009218612818261633
0 0.9111062335381914 0.783801580333626 0.009218612818261633 0.009218612818261633
0 0.8156277436347673 0.47805092186128184 0.012291483757682178 0.010535557506584723
0 0.8566725197541704 0.4508340649692713 0.010974539069359086 0.007901668129938543
0 0.9271290605794557 0.41198419666374014 0.010535557506584723 0.006584723441615452
0 0.5406057945566286 0.6861281826163301 0.010974539069359086 0.009657594381035996
0 0.5513608428446005 0.6975417032484635 0.010535557506584723 0.007901668129938543
0 0.559262510974539 0.7030289727831431 0.009657594381035996 0.009218612818261633
0 0.567603160667252 0.7124670763827919 0.00877963125548727 0.00877963125548727
0 0.5500438981562774 0.7153204565408253 0.010535557506584723 0.007462686567164179
0 0.5667251975417033 0.8751097453906936 0.006145741878841089 0.008340649692712906
0 0.41900790166812996 0.8970588235294118 0.010974539069359086 0.005706760316066725
0 0.5779192273924495 0.6334503950834065 0.015364354697102721 0.010535557506584723
0 0.6218173836698858 0.5987708516242318 0.011852502194907815 0.009657594381035996
0 0.8134328358208955 0.4925373134328358 0.014925373134328358 0.009657594381035996
0 0.38191395961369623 0.8652326602282704 0.007901668129938543 0.00877963125548727
0 0.4060579455662862 0.9205443371378402 0.01141352063213345 0.006145741878841089
0 0.39837576821773485 0.8606233538191396 0.011852502194907815 0.008340649692712906
0 0.40935030728709393 0.8211150131694469 0.010974539069359086 0.006584723441615452
0 0.3452589991220369 0.8088235294117647 0.010974539069359086 0.010974539069359086
0 0.39464442493415275 0.869622475856014 0.01141352063213345 0.007023705004389816
0 0.5201931518876207 0.8928884986830553 0.007901668129938543 0.00877963125548727
0 0.5818700614574188 0.9203248463564531 0.005706760316066725 0.009218612818261633
0 0.2802897278314311 0.8643546971027217 0.010974539069359086 0.0052677787532923615
0 0.37906057945566285 0.8994732221246707 0.010974539069359086 0.006145741878841089
0 0.28424056189640035 0.8579894644424935 0.01009657594381036 0.006584723441615452
0 0.3847673397717296 0.8884986830553117 0.011852502194907815 0.007023705004389816
0 0.2677787532923617 0.95171202809482 0.006145741878841089 0.010535557506584723
0 0.34328358208955223 0.9201053555750659 0.00877963125548727 0.0052677787532923615
0 0.4580772607550483 0.9172519754170325 0.007462686567164179 0.009218612818261633
0 0.34416154521510095 0.9159350307287094 0.00877963125548727 0.006584723441615452
0 0.3715978928884987 0.8079455662862159 0.010974539069359086 0.010974539069359086
0 0.49978050921861283 0.8467954345917471 0.006584723441615452 0.009657594381035996
0 0.3724758560140474 0.8154082528533801 0.011852502194907815 0.007462686567164179
0 0.5866988586479368 0.9225197541703248 0.008340649692712906 0.009218612818261633
0 0.5550921861281826 0.8799385425812116 0.007462686567164179 0.01009657594381036
0 0.3165057067603161 0.6532045654082529 0.00877963125548727 0.00877963125548727
0 0.3858647936786655 0.8812554872695347 0.015803336259877086 0.009218612818261633
0 0.2622914837576822 0.9519315188762072 0.006584723441615452 0.010974539069359086
0 0.3715978928884987 0.8285776997366111 0.010974539069359086 0.006584723441615452
0 0.7036874451273046 0.857550482879719 0.007901668129938543 0.01009657594381036
0 0.7554872695346796 0.29280070237050043 0.013169446883230905 0.007023705004389816
0 0.4212028094820018 0.8928884986830553 0.011852502194907815 0.007023705004389816
0 0.6698858647936786 0.8136523266022827 0.00877963125548727 0.008340649692712906
0 0.7489025460930641 0.3114574187884109 0.012291483757682178 0.006584723441615452
0 0.32748024582967517 0.792361720807726 0.013169446883230905 0.009657594381035996
0 0.37664618086040386 0.9038630377524144 0.012291483757682178 0.007023705004389816
0 0.40935030728709393 0.8169446883230904 0.010974539069359086 0.007023705004389816
0 0.5649692712906058 0.9484196663740123 0.006145741878841089 0.008340649692712906
0 0.3140913081650571 0.79828797190518 0.01009657594381036 0.008340649692712906
0 0.3509657594381036 0.805531167690957 0.010974539069359086 0.00877963125548727
0 0.5665057067603161 0.9161545215100966 0.006584723441615452 0.009657594381035996
0 0.40496049165935033 0.9247146619841967 0.011852502194907815 0.005706760316066725
0 0.5618964003511853 0.7467076382791923 0.01141352063213345 0.007901668129938543
