0 0.31782265144863914 0.7728270412642669 0.01141352063213345 0.008340649692712906
0 0.17932396839332748 0.9495171202809481 0.01009657594381036 0.014047410008779631
0 0.41812993854258124 0.2721685689201054 0.01009657594381036 0.007023705004389816
0 0.3674275680421422 0.22541703248463565 0.00877963125548727 0.008340649692712906
0 0.39223002633889376 0.25877963125548725 0.011852502194907815 0.01009657594381036
0 0.707638279192274 0.5669446883230904 0.010535557506584723 0.010974539069359086
0 0.8356014047410009 0.6507901668129938 0.010974539069359086 0.011852502194907815
0 0.38740122914837577 0.2021510096575944 0.009218612818261633 0.008340649692712906
0 0.8571115013169447 0.6755926251097454 0.007462686567164179 0.00877963125548727
0 0.31211589113257243 0.1262071992976295 0.01141352063213345 0.008340649692712906
0 0.7183933274802459 0.4484196663740123 0.02151009657594381 0.014486391571553995
0 0.7767778753292361 0.5155838454784899 0.010974539069359086 0.008340649692712906
0 0.49363476733977174 0.33187006145741876 0.009218612818261633 0.00877963125548727
0 0.5140474100087796 0.36106233538191396 0.009657594381035996 0.008340649692712906
0 0.9216417910447762 0.8397717295873574 0.007462686567164179 0.010535557506584723
0 0.21795434591747145 0.03928884986830553 0.01009657594381036 0.008340649692712906
0 0.2776558384547849 0.09525899912203688 0.010974539069359086 0.00877963125548727
0 0.439640035118525 0.24912203687445128 0.009218612818261633 0.009218612818261633
0 0.23661106233538193 0.06935908691834942 0.00877963125548727 0.00877963125548727
0 0.2585601404741001 0.09196663740122915 0.00877963125548727 0.009218612818261633
0 0.2938981562774364 0.12774363476733977 0.01009657594381036 0.007023705004389816
0 0.5746268656716418 0.6360842844600527 0.014047410008779631 0.010535557506584723
0 0.31057945566286216 0.14508340649692714 0.008340649692712906 0.01009657594381036
0 0.4003511852502195 0.2429762949956102 0.007901668129938543 0.009218612818261633
0 0.3211150131694469 0.14727831431079894 0.009218612818261633 0.009218612818261633
0 0.6698858647936786 0.4995610184372256 0.013169446883230905 0.009657594381035996
0 0.3382352941176471 0.17230026338893767 0.009218612818261633 0.008340649692712906
0 0.704126426690079 0.5410447761194029 0.00877963125548727 0.008340649692712906
0 0.376865671641791 0.20719929762949957 0.009218612818261633 0.009657594381035996
0 0.42339771729587355 0.2647058823529412 0.010974539069359086 0.009657594381035996
0 0.44073748902546095 0.27326602282704127 0.009657594381035996 0.008340649692712906
0 0.45127304653204564 0.29367866549604915 0.010535557506584723 0.007901668129938543
0 0.4857330992098332 0.33121158911325727 0.009218612818261633 0.010974539069359086
0 0.5219490781387182 0.3584284460052678 0.010535557506584723 0.009218612818261633
0 0.5410447761194029 0.37818261633011413 0.01009657594381036 0.008340649692712906
0 0.5553116769095698 0.398595258999122 0.007901668129938543 0.00877963125548727
0 0.6215978928884986 0.4547848990342406 0.007901668129938543 0.00877963125548727
0 0.5998683055311677 0.4446883230904302 0.009218612818261633 0.00877963125548727
0 0.707638279192274 0.5355575065847235 0.009657594381035996 0.01141352063213345
0 0.7399034240561896 0.5647497805092186 0.009218612818261633 0.008340649692712906
0 0.6235733099209834 0.46817383669885865 0.009218612818261633 0.009218612818261633
0 0.7649253731343284 0.5899912203687445 0.01009657594381036 0.007901668129938543
0 0.1584723441615452 0.0052677787532923615 0.014047410008779631 0.009657594381035996
0 0.7526338893766462 0.5847234416154522 0.007462686567164179 0.00877963125548727
0 0.783801580333626 0.6073309920983319 0.009218612818261633 0.009218612818261633
0 0.8215539947322212 0.6477172958735733 0.009218612818261633 0.009218612818261633
0 0.753731343283582 0.4725636523266023 0.012291483757682178 0.009218612818261633
0 0.7890693590869183 0.4793678665496049 0.010974539069359086 0.007901668129938543
0 0.844161545215101 0.46202809482001755 0.010535557506584723 0.006584723441615452
0 0.5410447761194029 0.6865671641791045 0.010974539069359086 0.009657594381035996
0 0.5513608428446005 0.6975417032484635 0.010535557506584723 0.007901668129938543
0 0.5597014925373134 0.7025899912203687 0.009657594381035996 0.009218612818261633
0 0.567603160667252 0.7133450395083406 0.009657594381035996 0.00877963125548727
0 0.6130377524143986 0.7658033362598771 0.01009657594381036 0.008340649692712906
0 0.567603160667252 0.875548726953468 0.006145741878841089 0.008340649692712906
0 0.15935030728709393 0.9931957857769974 0.009657594381035996 0.010974539069359086
0 0.41900790166812996 0.8970588235294118 0.010974539069359086 0.005706760316066725
0 0.4576382791922739 0.7001755926251098 0.015364354697102721 0.00877963125548727
0 0.06255487269534679 0.875548726953468 0.012730465320456541 0.009218612818261633
0 0.5076821773485514 0.6663740122914837 0.011852502194907815 0.009657594381035996
0 0.6900790166812993 0.567603160667252 0.014925373134328358 0.009657594381035996
0 0.4117647058823529 0.8520632133450395 0.007901668129938543 0.00877963125548727
0 0.4064969271290606 0.9209833187006146 0.01141352063213345 0.006145741878841089
0 0.39881474978050924 0.8606233538191396 0.011852502194907815 0.008340649692712906
0 0.4097892888498683 0.8215539947322212 0.010974539069359086 0.006584723441615452
0 0.3461369622475856 0.809262510974539 0.010974539069359086 0.010974539069359086
0 0.39508340649692714 0.869622475856014 0.01141352063213345 0.007023705004389816
0 0.5210711150131695 0.8928884986830553 0.007901668129938543 0.00877963125548727
0 0.5827480245829675 0.9207638279192274 0.005706760316066725 0.009218612818261633
0 0.27897278314310797 0.8643546971027217 0.010974539069359086 0.0052677787532923615
0 0.37949956101843724 0.8999122036874452 0.010974539069359086 0.006145741878841089
0 0.283801580333626 0.8571115013169447 0.01009657594381036 0.006584723441615452
0 0.38520632133450394 0.888937664618086 0.011852502194907815 0.007023705004389816
0 0.26865671641791045 0.9521510096575944 0.006145741878841089 0.010535557506584723
0 0.34416154521510095 0.9205443371378402 0.00877963125548727 0.0052677787532923615
0 0.4585162423178227 0.9172519754170325 0.007462686567164179 0.009218612818261633
0 0.34460052677787534 0.9163740122914837 0.00877963125548727 0.006584723441615452
0 0.3724758560140474 0.8079455662862159 0.010974539069359086 0.010974539069359086
0 0.5006584723441615 0.8472344161545216 0.006584723441615452 0.009657594381035996
0 0.37291483757682176 0.8158472344161545 0.011852502194907815 0.007462686567164179
0 0.5871378402107111 0.9229587357330992 0.008340649692712906 0.009218612818261633
0 0.5559701492537313 0.8799385425812116 0.007462686567164179 0.01009657594381036
0 0.3182616330114135 0.6523266022827041 0.00877963125548727 0.00877963125548727
0 0.3858647936786655 0.8816944688323091 0.015803336259877086 0.009218612818261633
0 0.2627304653204565 0.9519315188762072 0.006584723441615452 0.010974539069359086
0 0.3715978928884987 0.8290166812993854 0.010974539069359086 0.006584723441615452
0 0.7045654082528534 0.8579894644424935 0.007901668129938543 0.01009657594381036
0 0.7563652326602283 0.29280070237050043 0.013169446883230905 0.007023705004389816
0 0.4216417910447761 0.8933274802458296 0.011852502194907815 0.007023705004389816
0 0.6707638279192274 0.8136523266022827 0.00877963125548727 0.008340649692712906
0 0.7493415276558385 0.31189640035118527 0.012291483757682178 0.006584723441615452
0 0.3279192273924495 0.7919227392449517 0.013169446883230905 0.009657594381035996
0 0.3775241439859526 0.9038630377524144 0.012291483757682178 0.007023705004389816
0 0.4097892888498683 0.8178226514486392 0.010974539069359086 0.007023705004389816
0 0.5658472344161545 0.9484196663740123 0.006145741878841089 0.008340649692712906
0 0.3145302897278314 0.79828797190518 0.01009657594381036 0.008340649692712906
0 0.351404741000878 0.805531167690957 0.010974539069359086 0.00877963125548727
0 0.5665057067603161 0.9170324846356454 0.006584723441615452 0.009657594381035996
0 0.40539947322212466 0.925153643546971 0.011852502194907815 0.005706760316066725
0 0.5627743634767339 0.7467076382791923 0.01141352063213345 0.007901668129938543
